Window size,Subject,Gait,Sensor,Predicted,Actual,Difference,TP,FP,FN,PPV,Sensitivity,RCA,SDA
15,1,regular,1,948,937,11,936,12,1,0.9873417721518988,0.9989327641408752,1.0117395944503735,0.993103448275862
15,1,semiregular,1,690,703,13,593,97,110,0.8594202898550725,0.8435277382645804,0.9815078236130867,0.851399856424982
15,1,irregular,1,189,199,10,131,58,68,0.6931216931216931,0.6582914572864321,0.949748743718593,0.6752577319587628
15,1,regular,2,999,937,62,937,62,0,0.9379379379379379,1.0,1.0661686232657417,0.9679752066115703
15,1,semiregular,2,769,703,66,660,109,43,0.8582574772431729,0.9388335704125178,1.0938833570412518,0.8967391304347826
15,1,irregular,2,201,199,2,168,33,31,0.835820895522388,0.8442211055276382,1.0100502512562815,0.84
15,1,regular,3,964,937,27,935,29,2,0.9699170124481328,0.9978655282817502,1.0288153681963714,0.9836927932667017
15,1,semiregular,3,700,703,3,641,59,62,0.9157142857142857,0.9118065433854907,0.9957325746799431,0.9137562366357804
15,1,irregular,3,200,199,1,176,24,23,0.88,0.8844221105527639,1.0050251256281406,0.8822055137844611
15,2,regular,1,1111,1224,113,1102,9,122,0.991899189918992,0.9003267973856209,0.9076797385620915,0.94389721627409
15,2,semiregular,1,526,647,121,503,23,144,0.9562737642585551,0.7774343122102009,0.8129829984544049,0.8576300085251491
15,2,irregular,1,222,217,5,105,117,112,0.47297297297297297,0.4838709677419355,1.023041474654378,0.47835990888382685
15,2,regular,2,1166,1224,58,1154,12,70,0.9897084048027445,0.9428104575163399,0.9526143790849673,0.9656903765690377
15,2,semiregular,2,623,647,24,588,35,59,0.9438202247191011,0.9088098918083463,0.9629057187017002,0.9259842519685041
15,2,irregular,2,219,217,2,179,40,38,0.817351598173516,0.8248847926267281,1.0092165898617511,0.8211009174311926
15,2,regular,3,1190,1224,34,1187,3,37,0.9974789915966387,0.9697712418300654,0.9722222222222222,0.9834299917149959
15,2,semiregular,3,619,647,28,597,22,50,0.9644588045234249,0.9227202472952086,0.9567233384853169,0.943127962085308
15,2,irregular,3,232,217,15,203,29,14,0.875,0.9354838709677419,1.0691244239631337,0.9042316258351892
15,3,regular,1,971,1053,82,971,0,82,1.0,0.9221272554605888,0.9221272554605888,0.9594861660079052
15,3,semiregular,1,659,716,57,612,47,104,0.928679817905918,0.8547486033519553,0.9203910614525139,0.8901818181818182
15,3,irregular,1,227,224,3,139,88,85,0.6123348017621145,0.6205357142857143,1.0133928571428572,0.6164079822616408
15,3,regular,2,977,1053,76,977,0,76,1.0,0.9278252611585945,0.9278252611585945,0.9625615763546798
15,3,semiregular,2,711,716,5,661,50,55,0.929676511954993,0.9231843575418994,0.9930167597765364,0.9264190609670638
15,3,irregular,2,221,224,3,180,41,44,0.8144796380090498,0.8035714285714286,0.9866071428571429,0.8089887640449438
15,3,regular,3,1008,1053,45,1008,0,45,1.0,0.9572649572649573,0.9572649572649573,0.9781659388646288
15,3,semiregular,3,679,716,37,642,37,74,0.9455081001472754,0.8966480446927374,0.9483240223463687,0.9204301075268817
15,3,irregular,3,229,224,5,201,28,23,0.8777292576419214,0.8973214285714286,1.0223214285714286,0.8874172185430466
15,4,regular,1,1070,1101,31,1062,8,39,0.9925233644859813,0.9645776566757494,0.971843778383288,0.9783509903270382
15,4,semiregular,1,608,614,6,502,106,112,0.8256578947368421,0.8175895765472313,0.990228013029316,0.8216039279869068
15,4,irregular,1,245,228,17,139,106,89,0.5673469387755102,0.6096491228070176,1.0745614035087718,0.587737843551797
15,4,regular,2,1111,1101,10,1098,13,3,0.9882988298829883,0.997275204359673,1.0090826521344232,0.9927667269439421
15,4,semiregular,2,623,614,9,562,61,52,0.9020866773675762,0.9153094462540716,1.014657980456026,0.9086499595796281
15,4,irregular,2,243,228,15,194,49,34,0.7983539094650206,0.8508771929824561,1.0657894736842106,0.8237791932059448
15,4,regular,3,1115,1101,14,1100,15,1,0.9865470852017937,0.9990917347865577,1.0127157129881925,0.9927797833935018
15,4,semiregular,3,621,614,7,563,58,51,0.9066022544283414,0.9169381107491856,1.011400651465798,0.9117408906882591
15,4,irregular,3,244,228,16,206,38,22,0.8442622950819673,0.9035087719298246,1.0701754385964912,0.8728813559322034
15,5,regular,1,1005,1044,39,1005,0,39,1.0,0.9626436781609196,0.9626436781609196,0.9809663250366032
15,5,semiregular,1,679,668,11,590,89,78,0.8689248895434463,0.8832335329341318,1.0164670658682635,0.8760207869339273
15,5,irregular,1,247,217,30,145,102,72,0.5870445344129555,0.6682027649769585,1.1382488479262673,0.625
15,5,regular,2,1031,1044,13,1030,1,14,0.9990300678952473,0.9865900383141762,0.9875478927203065,0.9927710843373494
15,5,semiregular,2,752,668,84,646,106,22,0.8590425531914894,0.9670658682634731,1.125748502994012,0.9098591549295774
15,5,irregular,2,225,217,8,180,45,37,0.8,0.8294930875576036,1.0368663594470047,0.8144796380090498
15,5,regular,3,1057,1044,13,1043,14,1,0.9867549668874173,0.9990421455938697,1.0124521072796935,0.9928605425987626
15,5,semiregular,3,700,668,32,625,75,43,0.8928571428571429,0.9356287425149701,1.0479041916167664,0.9137426900584795
15,5,irregular,3,228,217,11,190,38,27,0.8333333333333334,0.8755760368663594,1.0506912442396312,0.8539325842696628
15,6,regular,1,932,915,17,903,29,12,0.9688841201716738,0.9868852459016394,1.0185792349726777,0.9778018408229563
15,6,semiregular,1,646,701,55,601,45,100,0.9303405572755418,0.8573466476462197,0.9215406562054208,0.8923533778767633
15,6,irregular,1,216,195,21,102,114,93,0.4722222222222222,0.5230769230769231,1.1076923076923078,0.49635036496350365
15,6,regular,2,970,915,55,914,56,1,0.9422680412371134,0.9989071038251366,1.0601092896174864,0.9697612732095491
15,6,semiregular,2,731,701,30,667,64,34,0.9124487004103967,0.9514978601997147,1.042796005706134,0.9315642458100558
15,6,irregular,2,229,195,34,118,111,77,0.5152838427947598,0.6051282051282051,1.1743589743589744,0.5566037735849056
15,6,regular,3,961,915,46,912,49,3,0.9490114464099896,0.9967213114754099,1.0502732240437158,0.9722814498933903
15,6,semiregular,3,727,701,26,674,53,27,0.9270976616231087,0.9614835948644793,1.037089871611983,0.9439775910364147
15,6,irregular,3,223,195,28,173,50,22,0.7757847533632287,0.8871794871794871,1.1435897435897435,0.8277511961722488
15,7,regular,1,1157,1230,73,1151,6,79,0.9948141745894555,0.9357723577235773,0.9406504065040651,0.9643904482614162
15,7,semiregular,1,685,761,76,619,66,142,0.9036496350364963,0.8134034165571616,0.900131406044678,0.8561549100968189
15,7,irregular,1,274,225,49,114,160,111,0.41605839416058393,0.5066666666666667,1.2177777777777778,0.4569138276553107
15,7,regular,2,1217,1230,13,1204,13,26,0.9893179950698439,0.9788617886178862,0.989430894308943,0.9840621168778095
15,7,semiregular,2,718,761,43,647,71,114,0.9011142061281338,0.8501971090670171,0.9434954007884363,0.8749154834347533
15,7,irregular,2,219,225,6,177,42,48,0.8082191780821918,0.7866666666666666,0.9733333333333334,0.7972972972972971
15,7,regular,3,1233,1230,3,1218,15,12,0.9878345498783455,0.9902439024390244,1.002439024390244,0.9890377588306943
15,7,semiregular,3,790,761,29,708,82,53,0.8962025316455696,0.9303547963206308,1.038107752956636,0.9129593810444875
15,7,irregular,3,249,225,24,203,46,22,0.8152610441767069,0.9022222222222223,1.1066666666666667,0.8565400843881856
15,8,regular,1,988,1035,47,984,4,51,0.9959514170040485,0.9507246376811594,0.9545893719806763,0.9728126544735541
15,8,semiregular,1,757,827,70,685,72,142,0.904887714663144,0.8282950423216445,0.9153567110036276,0.86489898989899
15,8,irregular,1,274,243,31,131,143,112,0.4781021897810219,0.5390946502057613,1.1275720164609053,0.5067698259187621
15,8,regular,2,1012,1035,23,1004,8,31,0.9920948616600791,0.970048309178744,0.9777777777777777,0.9809477283829996
15,8,semiregular,2,805,827,22,748,57,79,0.929192546583851,0.9044740024183797,0.973397823458283,0.9166666666666666
15,8,irregular,2,219,243,24,178,41,65,0.8127853881278538,0.7325102880658436,0.9012345679012346,0.7705627705627707
15,8,regular,3,1039,1035,4,1028,11,7,0.9894128970163619,0.9932367149758454,1.0038647342995168,0.991321118611379
15,8,semiregular,3,821,827,6,762,59,65,0.928136419001218,0.9214026602176542,0.992744860943168,0.924757281553398
15,8,irregular,3,241,243,2,203,38,40,0.8423236514522822,0.8353909465020576,0.9917695473251029,0.8388429752066116
15,9,regular,1,1021,1107,86,1017,4,90,0.9960822722820764,0.9186991869918699,0.9223125564588979,0.9558270676691729
15,9,semiregular,1,564,701,137,536,28,165,0.950354609929078,0.7646219686162625,0.8045649072753209,0.8474308300395258
15,9,irregular,1,257,266,9,128,129,138,0.4980544747081712,0.48120300751879697,0.9661654135338346,0.4894837476099427
15,9,regular,2,1034,1107,73,1029,5,78,0.995164410058027,0.9295392953929539,0.934056007226739,0.961233068659505
15,9,semiregular,2,605,701,96,581,24,120,0.9603305785123967,0.8288159771754636,0.8630527817403709,0.889739663093415
15,9,irregular,2,235,266,31,195,40,71,0.8297872340425532,0.7330827067669173,0.8834586466165414,0.7784431137724551
15,9,regular,3,1057,1107,50,1056,1,51,0.9990539262062441,0.9539295392953929,0.95483288166215,0.9759704251386322
15,9,semiregular,3,670,701,31,653,17,48,0.9746268656716418,0.9315263908701854,0.9557774607703281,0.9525893508388038
15,9,irregular,3,257,266,9,219,38,47,0.8521400778210116,0.8233082706766918,0.9661654135338346,0.8374760994263862
15,10,regular,1,1047,1014,33,1007,40,7,0.9617956064947469,0.9930966469428008,1.032544378698225,0.9771955361475012
15,10,semiregular,1,620,656,36,575,45,81,0.9274193548387096,0.8765243902439024,0.9451219512195121,0.9012539184952979
15,10,irregular,1,243,247,4,162,81,85,0.6666666666666666,0.6558704453441295,0.9838056680161943,0.6612244897959183
15,10,regular,2,1050,1014,36,1014,36,0,0.9657142857142857,1.0,1.0355029585798816,0.9825581395348837
15,10,semiregular,2,668,656,12,620,48,36,0.9281437125748503,0.9451219512195121,1.0182926829268293,0.9365558912386707
15,10,irregular,2,249,247,2,204,45,43,0.8192771084337349,0.8259109311740891,1.008097165991903,0.8225806451612904
15,10,regular,3,1054,1014,40,1011,43,3,0.959203036053131,0.9970414201183432,1.039447731755424,0.9777562862669245
15,10,semiregular,3,636,656,20,606,30,50,0.9528301886792453,0.9237804878048781,0.9695121951219512,0.9380804953560372
15,10,irregular,3,248,247,1,215,33,32,0.8669354838709677,0.8704453441295547,1.0040485829959513,0.8686868686868688
15,11,regular,1,1035,1070,35,1034,1,36,0.9990338164251208,0.9663551401869159,0.9672897196261683,0.9824228028503563
15,11,semiregular,1,709,700,9,630,79,70,0.8885754583921015,0.9,1.012857142857143,0.8942512420156139
15,11,irregular,1,229,239,10,134,95,105,0.5851528384279476,0.5606694560669456,0.9581589958158996,0.5726495726495726
15,11,regular,2,1054,1070,16,1053,1,17,0.9990512333965844,0.9841121495327103,0.9850467289719627,0.9915254237288136
15,11,semiregular,2,697,700,3,639,58,61,0.9167862266857962,0.9128571428571428,0.9957142857142857,0.9148174659985683
15,11,irregular,2,213,239,26,176,37,63,0.8262910798122066,0.7364016736401674,0.891213389121339,0.7787610619469026
15,11,regular,3,1067,1070,3,1062,5,8,0.9953139643861293,0.9925233644859813,0.997196261682243,0.9939167056621431
15,11,semiregular,3,689,700,11,640,49,60,0.9288824383164006,0.9142857142857143,0.9842857142857143,0.9215262778977682
15,11,irregular,3,233,239,6,198,35,41,0.8497854077253219,0.8284518828451883,0.9748953974895398,0.8389830508474577
15,12,regular,1,1033,1007,26,1007,26,0,0.9748305905130688,1.0,1.0258192651439921,0.9872549019607844
15,12,semiregular,1,693,641,52,595,98,46,0.8585858585858586,0.9282371294851794,1.0811232449297972,0.8920539730134932
15,12,irregular,1,280,204,76,172,108,32,0.6142857142857143,0.8431372549019608,1.3725490196078431,0.7107438016528925
15,12,regular,2,1050,1007,43,1007,43,0,0.959047619047619,1.0,1.0427010923535254,0.9790957705396208
15,12,semiregular,2,689,641,48,595,94,46,0.8635703918722787,0.9282371294851794,1.0748829953198127,0.8947368421052633
15,12,irregular,2,264,204,60,186,78,18,0.7045454545454546,0.9117647058823529,1.2941176470588236,0.794871794871795
15,12,regular,3,1066,1007,59,1007,59,0,0.9446529080675422,1.0,1.0585898709036743,0.9715388326097444
15,12,semiregular,3,684,641,43,606,78,35,0.8859649122807017,0.9453978159126365,1.0670826833073324,0.9147169811320754
15,12,irregular,3,242,204,38,194,48,10,0.8016528925619835,0.9509803921568627,1.1862745098039216,0.8699551569506727
15,13,regular,1,999,1000,1,996,3,4,0.996996996996997,0.996,0.999,0.9964982491245623
15,13,semiregular,1,794,815,21,740,54,75,0.9319899244332494,0.9079754601226994,0.9742331288343559,0.9198259788688626
15,13,irregular,1,316,216,100,147,169,69,0.4651898734177215,0.6805555555555556,1.462962962962963,0.5526315789473684
15,13,regular,2,1027,1000,27,1000,27,0,0.9737098344693281,1.0,1.027,0.9866798223976319
15,13,semiregular,2,839,815,24,782,57,33,0.932061978545888,0.9595092024539877,1.0294478527607362,0.9455864570737605
15,13,irregular,2,261,216,45,201,60,15,0.7701149425287356,0.9305555555555556,1.2083333333333333,0.8427672955974842
15,13,regular,3,1015,1000,15,996,19,4,0.9812807881773399,0.996,1.015,0.9885856079404467
15,13,semiregular,3,795,815,20,759,36,56,0.9547169811320755,0.9312883435582822,0.9754601226993865,0.9428571428571428
15,13,irregular,3,241,216,25,198,43,18,0.8215767634854771,0.9166666666666666,1.1157407407407407,0.8665207877461707
15,14,regular,1,965,1052,87,965,0,87,1.0,0.9173003802281369,0.9173003802281369,0.9568666336142786
15,14,semiregular,1,797,913,116,758,39,155,0.9510664993726474,0.8302300109529025,0.872946330777656,0.8865497076023392
15,14,irregular,1,262,217,45,143,119,74,0.5458015267175572,0.6589861751152074,1.207373271889401,0.5970772442588727
15,14,regular,2,1003,1052,49,1001,2,51,0.9980059820538385,0.9515209125475285,0.9534220532319392,0.9742092457420926
15,14,semiregular,2,919,913,6,854,65,59,0.9292709466811752,0.9353778751369113,1.0065717415115005,0.9323144104803495
15,14,irregular,2,226,217,9,187,39,30,0.827433628318584,0.8617511520737328,1.0414746543778801,0.8442437923250564
15,14,regular,3,1020,1052,32,1020,0,32,1.0,0.9695817490494296,0.9695817490494296,0.9845559845559846
15,14,semiregular,3,922,913,9,865,57,48,0.938177874186551,0.9474260679079957,1.009857612267251,0.9427792915531337
15,14,irregular,3,218,217,1,191,27,26,0.8761467889908257,0.880184331797235,1.0046082949308757,0.8781609195402298
15,15,regular,1,937,964,27,936,1,28,0.9989327641408752,0.970954356846473,0.9719917012448133,0.9847448711204629
15,15,semiregular,1,745,774,29,693,52,81,0.9302013422818792,0.8953488372093024,0.962532299741602,0.912442396313364
15,15,irregular,1,224,218,6,154,70,64,0.6875,0.7064220183486238,1.0275229357798166,0.6968325791855203
15,15,regular,2,930,964,34,929,1,35,0.9989247311827957,0.9636929460580913,0.9647302904564315,0.9809926082365364
15,15,semiregular,2,751,774,23,709,42,65,0.9440745672436751,0.9160206718346253,0.9702842377260982,0.9298360655737704
15,15,irregular,2,220,218,2,191,29,27,0.8681818181818182,0.8761467889908257,1.0091743119266054,0.8721461187214611
15,15,regular,3,962,964,2,959,3,5,0.9968814968814969,0.9948132780082988,0.9979253112033195,0.995846313603323
15,15,semiregular,3,727,774,47,691,36,83,0.9504814305364512,0.8927648578811369,0.9392764857881137,0.9207195203197868
15,15,irregular,3,223,218,5,203,20,15,0.9103139013452914,0.9311926605504587,1.0229357798165137,0.9206349206349206
15,16,regular,1,1084,1109,25,1079,5,30,0.9953874538745388,0.9729486023444545,0.9774571686203787,0.9840401276789785
15,16,semiregular,1,617,681,64,545,72,136,0.8833063209076175,0.8002936857562408,0.9060205580029369,0.8397534668721109
15,16,irregular,1,316,272,44,149,167,123,0.47151898734177217,0.5477941176470589,1.161764705882353,0.5068027210884354
15,16,regular,2,1112,1109,3,1102,10,7,0.9910071942446043,0.9936880072137061,1.0027051397655546,0.9923457901846016
15,16,semiregular,2,661,681,20,611,50,70,0.924357034795764,0.8972099853157122,0.9706314243759178,0.910581222056632
15,16,irregular,2,264,272,8,213,51,59,0.8068181818181818,0.7830882352941176,0.9705882352941176,0.794776119402985
15,16,regular,3,1101,1109,8,1097,4,12,0.9963669391462306,0.9891794409377818,0.9927862939585211,0.992760180995475
15,16,semiregular,3,631,681,50,594,37,87,0.9413629160063391,0.8722466960352423,0.9265785609397944,0.9054878048780488
15,16,irregular,3,249,272,23,212,37,60,0.8514056224899599,0.7794117647058824,0.9154411764705882,0.8138195777351247
15,17,regular,1,1004,1029,25,1002,2,27,0.99800796812749,0.9737609329446064,0.9757045675413022,0.985735366453517
15,17,semiregular,1,690,837,147,639,51,198,0.9260869565217391,0.7634408602150538,0.8243727598566308,0.8369351669941061
15,17,irregular,1,335,240,95,134,201,106,0.4,0.5583333333333333,1.3958333333333333,0.46608695652173915
15,17,regular,2,1041,1029,12,1025,16,4,0.9846301633045149,0.9961127308066083,1.0116618075801749,0.9903381642512078
15,17,semiregular,2,847,837,10,781,66,56,0.922077922077922,0.9330943847072879,1.01194743130227,0.9275534441805224
15,17,irregular,2,290,240,50,193,97,47,0.6655172413793103,0.8041666666666667,1.2083333333333333,0.7283018867924529
15,17,regular,3,1066,1029,37,1028,38,1,0.9643527204502814,0.9990281827016521,1.0359572400388728,0.9813842482100238
15,17,semiregular,3,831,837,6,791,40,46,0.9518652226233454,0.945041816009558,0.992831541218638,0.9484412470023981
15,17,irregular,3,258,240,18,201,57,39,0.7790697674418605,0.8375,1.075,0.8072289156626506
15,18,regular,1,1020,1044,24,1018,2,26,0.9980392156862745,0.975095785440613,0.9770114942528736,0.9864341085271318
15,18,semiregular,1,706,801,95,669,37,132,0.9475920679886686,0.8352059925093633,0.8813982521847691,0.8878566688785666
15,18,irregular,1,316,252,64,172,144,80,0.5443037974683544,0.6825396825396826,1.253968253968254,0.6056338028169014
15,18,regular,2,1098,1044,54,1043,55,1,0.9499089253187614,0.9990421455938697,1.0517241379310345,0.9738562091503269
15,18,semiregular,2,843,801,42,768,75,33,0.9110320284697508,0.9588014981273408,1.0524344569288389,0.9343065693430657
15,18,irregular,2,290,252,38,222,68,30,0.7655172413793103,0.8809523809523809,1.1507936507936507,0.8191881918819187
15,18,regular,3,1076,1044,32,1044,32,0,0.9702602230483272,1.0,1.0306513409961686,0.9849056603773586
15,18,semiregular,3,788,801,13,746,42,55,0.9467005076142132,0.9313358302122348,0.9837702871410736,0.9389553178099435
15,18,irregular,3,270,252,18,228,42,24,0.8444444444444444,0.9047619047619048,1.0714285714285714,0.8735632183908046
15,19,regular,1,1072,1076,4,1064,8,12,0.9925373134328358,0.9888475836431226,0.9962825278810409,0.9906890130353817
15,19,semiregular,1,679,753,74,633,46,120,0.9322533136966127,0.8406374501992032,0.9017264276228419,0.8840782122905029
15,19,irregular,1,273,245,28,166,107,79,0.608058608058608,0.6775510204081633,1.1142857142857143,0.6409266409266409
15,19,regular,2,1112,1076,36,1075,37,1,0.966726618705036,0.9990706319702602,1.033457249070632,0.9826325411334551
15,19,semiregular,2,736,753,17,687,49,66,0.9334239130434783,0.9123505976095617,0.9774236387782205,0.9227669576897247
15,19,irregular,2,265,245,20,203,62,42,0.7660377358490567,0.8285714285714286,1.0816326530612246,0.796078431372549
15,19,regular,3,1109,1076,33,1074,35,2,0.9684400360685302,0.9981412639405205,1.0306691449814127,0.9830663615560642
15,19,semiregular,3,681,753,72,643,38,110,0.9441997063142438,0.8539176626826029,0.9043824701195219,0.8967921896792189
15,19,irregular,3,241,245,4,207,34,38,0.8589211618257261,0.8448979591836735,0.9836734693877551,0.8518518518518517
15,20,regular,1,1126,1251,125,1123,3,128,0.9973357015985791,0.8976818545163869,0.9000799360511591,0.9448885149347918
15,20,semiregular,1,829,841,12,723,106,118,0.8721351025331725,0.8596908442330559,0.985731272294887,0.8658682634730539
15,20,irregular,1,290,252,38,142,148,110,0.4896551724137931,0.5634920634920635,1.1507936507936507,0.5239852398523985
15,20,regular,2,1183,1251,68,1178,5,73,0.9957734573119188,0.9416466826538769,0.9456434852118305,0.9679539852095315
15,20,semiregular,2,811,841,30,721,90,120,0.8890258939580764,0.8573127229488704,0.9643281807372176,0.8728813559322033
15,20,irregular,2,239,252,13,194,45,58,0.8117154811715481,0.7698412698412699,0.9484126984126984,0.7902240325865579
15,20,regular,3,1148,1251,103,1148,0,103,1.0,0.9176658673061551,0.9176658673061551,0.957065443934973
15,20,semiregular,3,795,841,46,728,67,113,0.9157232704402516,0.8656361474435196,0.9453032104637337,0.8899755501222493
15,20,irregular,3,235,252,17,208,27,44,0.8851063829787233,0.8253968253968254,0.9325396825396826,0.8542094455852155
15,21,regular,1,922,920,2,918,4,2,0.9956616052060737,0.9978260869565218,1.0021739130434784,0.996742671009772
15,21,semiregular,1,580,549,31,474,106,75,0.8172413793103448,0.8633879781420765,1.0564663023679417,0.8396811337466785
15,21,irregular,1,248,204,44,154,94,50,0.6209677419354839,0.7549019607843137,1.2156862745098038,0.6814159292035398
15,21,regular,2,945,920,25,920,25,0,0.9735449735449735,1.0,1.0271739130434783,0.9865951742627346
15,21,semiregular,2,635,549,86,525,110,24,0.8267716535433071,0.9562841530054644,1.156648451730419,0.8868243243243243
15,21,irregular,2,232,204,28,186,46,18,0.8017241379310345,0.9117647058823529,1.1372549019607843,0.8532110091743118
15,21,regular,3,963,920,43,920,43,0,0.9553478712357217,1.0,1.0467391304347826,0.9771640998406798
15,21,semiregular,3,640,549,91,529,111,20,0.8265625,0.9635701275045537,1.1657559198542806,0.8898233809924306
15,21,irregular,3,228,204,24,193,35,11,0.8464912280701754,0.946078431372549,1.1176470588235294,0.8935185185185186
15,22,regular,1,977,946,31,946,31,0,0.9682702149437052,1.0,1.03276955602537,0.983879355174207
15,22,semiregular,1,724,703,21,638,86,65,0.8812154696132597,0.9075391180654339,1.0298719772403984,0.8941836019621584
15,22,irregular,1,223,247,24,133,90,114,0.5964125560538116,0.5384615384615384,0.902834008097166,0.5659574468085106
15,22,regular,2,994,946,48,946,48,0,0.9517102615694165,1.0,1.0507399577167018,0.9752577319587629
15,22,semiregular,2,728,703,25,660,68,43,0.9065934065934066,0.9388335704125178,1.035561877667141,0.9224318658280922
15,22,irregular,2,243,247,4,202,41,45,0.831275720164609,0.8178137651821862,0.9838056680161943,0.8244897959183672
15,22,regular,3,983,946,37,944,39,2,0.960325534079349,0.9978858350951374,1.0391120507399578,0.9787454639709693
15,22,semiregular,3,723,703,20,659,64,44,0.9114799446749654,0.9374110953058321,1.0284495021337126,0.9242636746143057
15,22,irregular,3,263,247,16,218,45,29,0.8288973384030418,0.8825910931174089,1.0647773279352226,0.8549019607843137
15,23,regular,1,978,999,21,969,9,30,0.99079754601227,0.96996996996997,0.978978978978979,0.9802731411229135
15,23,semiregular,1,792,835,43,700,92,135,0.8838383838383839,0.8383233532934131,0.948502994011976,0.860479409956976
15,23,irregular,1,347,266,81,134,213,132,0.3861671469740634,0.5037593984962406,1.3045112781954886,0.4371941272430669
15,23,regular,2,963,999,36,948,15,51,0.9844236760124611,0.948948948948949,0.963963963963964,0.9663608562691132
15,23,semiregular,2,843,835,8,779,64,56,0.9240806642941874,0.932934131736527,1.0095808383233533,0.9284862932061979
15,23,irregular,2,233,266,33,200,33,66,0.8583690987124464,0.7518796992481203,0.8759398496240601,0.8016032064128257
15,23,regular,3,1000,999,1,993,7,6,0.993,0.993993993993994,1.001001001001001,0.9934967483741871
15,23,semiregular,3,848,835,13,790,58,45,0.9316037735849056,0.9461077844311377,1.015568862275449,0.9387997623291742
15,23,irregular,3,282,266,16,228,54,38,0.8085106382978723,0.8571428571428571,1.0601503759398496,0.8321167883211678
15,24,regular,1,1012,1079,67,1006,6,73,0.9940711462450593,0.9323447636700649,0.93790546802595,0.9622190339550455
15,24,semiregular,1,611,680,69,555,56,125,0.9083469721767594,0.8161764705882353,0.8985294117647059,0.8597986057319907
15,24,irregular,1,231,247,16,134,97,113,0.5800865800865801,0.5425101214574899,0.9352226720647774,0.5606694560669455
15,24,regular,2,1027,1079,52,1020,7,59,0.9931840311587147,0.9453197405004634,0.9518072289156626,0.9686609686609686
15,24,semiregular,2,626,680,54,595,31,85,0.950479233226837,0.875,0.9205882352941176,0.9111791730474732
15,24,irregular,2,217,247,30,196,21,51,0.9032258064516129,0.7935222672064778,0.8785425101214575,0.8448275862068966
15,24,regular,3,1032,1079,47,1029,3,50,0.997093023255814,0.953660797034291,0.9564411492122336,0.9748934154429181
15,24,semiregular,3,638,680,42,610,28,70,0.9561128526645768,0.8970588235294118,0.9382352941176471,0.9256449165402125
15,24,irregular,3,247,247,0,219,28,28,0.8866396761133604,0.8866396761133604,1.0,0.8866396761133604
15,25,regular,1,893,946,53,892,1,54,0.9988801791713325,0.9429175475687104,0.9439746300211417,0.9700924415443174
15,25,semiregular,1,664,718,54,597,67,121,0.8990963855421686,0.8314763231197771,0.924791086350975,0.8639652677279306
15,25,irregular,1,291,207,84,129,162,78,0.44329896907216493,0.6231884057971014,1.4057971014492754,0.5180722891566265
15,25,regular,2,909,946,37,908,1,38,0.9988998899889989,0.959830866807611,0.9608879492600423,0.9789757412398922
15,25,semiregular,2,726,718,8,665,61,53,0.9159779614325069,0.9261838440111421,1.011142061281337,0.9210526315789473
15,25,irregular,2,254,207,47,163,91,44,0.6417322834645669,0.7874396135265701,1.2270531400966183,0.7071583514099783
15,25,regular,3,834,946,112,833,1,113,0.9988009592326139,0.8805496828752643,0.8816067653276956,0.9359550561797754
15,25,semiregular,3,571,718,147,527,44,191,0.9229422066549913,0.733983286908078,0.7952646239554317,0.817688130333592
15,25,irregular,3,230,207,23,149,81,58,0.6478260869565218,0.7198067632850241,1.1111111111111112,0.6819221967963387
15,26,regular,1,1115,985,130,985,130,0,0.8834080717488789,1.0,1.131979695431472,0.9380952380952381
15,26,semiregular,1,747,720,27,660,87,60,0.8835341365461847,0.9166666666666666,1.0375,0.8997955010224948
15,26,irregular,1,336,214,122,182,154,32,0.5416666666666666,0.8504672897196262,1.5700934579439252,0.6618181818181819
15,26,regular,2,1169,985,184,985,184,0,0.8426005132591959,1.0,1.1868020304568527,0.914577530176416
15,26,semiregular,2,676,720,44,614,62,106,0.908284023668639,0.8527777777777777,0.9388888888888889,0.8796561604584527
15,26,irregular,2,295,214,81,169,126,45,0.5728813559322034,0.7897196261682243,1.3785046728971964,0.6640471512770137
15,26,regular,3,1084,985,99,978,106,7,0.9022140221402214,0.9928934010152284,1.100507614213198,0.9453842435959401
15,26,semiregular,3,758,720,38,672,86,48,0.8865435356200527,0.9333333333333333,1.0527777777777778,0.9093369418132612
15,26,irregular,3,267,214,53,202,65,12,0.7565543071161048,0.9439252336448598,1.2476635514018692,0.83991683991684
15,27,regular,1,1054,1166,112,1051,3,115,0.9971537001897534,0.9013722126929674,0.9039451114922813,0.946846846846847
15,27,semiregular,1,552,728,176,494,58,234,0.894927536231884,0.6785714285714286,0.7582417582417582,0.771875
15,27,irregular,1,245,270,25,138,107,132,0.563265306122449,0.5111111111111111,0.9074074074074074,0.5359223300970873
15,27,regular,2,1105,1166,61,1100,5,66,0.995475113122172,0.9433962264150944,0.9476843910806175,0.968736239542052
15,27,semiregular,2,698,728,30,653,45,75,0.9355300859598854,0.896978021978022,0.9587912087912088,0.9158485273492286
15,27,irregular,2,251,270,19,219,32,51,0.8725099601593626,0.8111111111111111,0.9296296296296296,0.8406909788867563
15,27,regular,3,1135,1166,31,1134,1,32,0.9991189427312775,0.9725557461406518,0.9734133790737565,0.9856584093872229
15,27,semiregular,3,665,728,63,629,36,99,0.9458646616541353,0.864010989010989,0.9134615384615384,0.9030868628858578
15,27,irregular,3,272,270,2,233,39,37,0.8566176470588235,0.8629629629629629,1.0074074074074073,0.8597785977859778
15,28,regular,1,1036,1098,62,1023,13,75,0.9874517374517374,0.9316939890710383,0.9435336976320583,0.9587628865979382
15,28,semiregular,1,825,859,34,757,68,102,0.9175757575757576,0.8812572759022119,0.9604190919674039,0.8990498812351545
15,28,irregular,1,355,293,62,147,208,146,0.4140845070422535,0.5017064846416383,1.21160409556314,0.4537037037037037
15,28,regular,2,1062,1098,36,1048,14,50,0.9868173258003766,0.9544626593806922,0.9672131147540983,0.9703703703703703
15,28,semiregular,2,799,859,60,746,53,113,0.9336670838548186,0.8684516880093132,0.930151338766007,0.8998793727382388
15,28,irregular,2,322,293,29,213,109,80,0.6614906832298136,0.726962457337884,1.098976109215017,0.6926829268292682
15,28,regular,3,1063,1098,35,1059,4,39,0.9962370649106302,0.9644808743169399,0.9681238615664846,0.9801018047200369
15,28,semiregular,3,770,859,89,728,42,131,0.9454545454545454,0.8474970896391153,0.8963911525029103,0.8937998772252915
15,28,irregular,3,294,293,1,224,70,69,0.7619047619047619,0.764505119453925,1.0034129692832765,0.7632027257240204
15,29,regular,1,1070,1140,70,1070,0,70,1.0,0.9385964912280702,0.9385964912280702,0.9683257918552036
15,29,semiregular,1,860,869,9,762,98,107,0.8860465116279069,0.8768699654775605,0.9896432681242808,0.8814343551185657
15,29,irregular,1,257,247,10,146,111,101,0.5680933852140078,0.5910931174089069,1.040485829959514,0.5793650793650793
15,29,regular,2,1098,1140,42,1096,2,44,0.9981785063752276,0.9614035087719298,0.9631578947368421,0.9794459338695264
15,29,semiregular,2,1002,869,133,852,150,17,0.8502994011976048,0.9804372842347526,1.1530494821634063,0.9107429182255479
15,29,irregular,2,285,247,38,217,68,30,0.7614035087719299,0.8785425101214575,1.1538461538461537,0.8157894736842105
15,29,regular,3,1051,1140,89,1050,1,90,0.9990485252140818,0.9210526315789473,0.9219298245614035,0.9584664536741214
15,29,semiregular,3,880,869,11,792,88,77,0.9,0.9113924050632911,1.0126582278481013,0.9056603773584907
15,29,irregular,3,266,247,19,220,46,27,0.8270676691729323,0.8906882591093117,1.0769230769230769,0.8576998050682262
15,30,regular,1,948,997,49,948,0,49,1.0,0.950852557673019,0.950852557673019,0.9748071979434446
15,30,semiregular,1,754,810,56,703,51,107,0.9323607427055703,0.8679012345679012,0.9308641975308642,0.8989769820971867
15,30,irregular,1,325,250,75,138,187,112,0.4246153846153846,0.552,1.3,0.48000000000000004
15,30,regular,2,965,997,32,964,1,33,0.9989637305699481,0.966900702106319,0.9679037111334002,0.982670744138634
15,30,semiregular,2,803,810,7,750,53,60,0.933997509339975,0.9259259259259259,0.991358024691358,0.9299442033477993
15,30,irregular,2,244,250,6,188,56,62,0.7704918032786885,0.752,0.976,0.7611336032388664
15,30,regular,3,1007,997,10,996,11,1,0.9890764647467726,0.9989969909729187,1.0100300902708124,0.9940119760479041
15,30,semiregular,3,791,810,19,747,44,63,0.9443742098609356,0.9222222222222223,0.9765432098765432,0.9331667707682699
15,30,irregular,3,269,250,19,207,62,43,0.7695167286245354,0.828,1.076,0.7976878612716762
30,1,regular,1,937,937,0,927,10,10,0.9893276414087513,0.9893276414087513,1.0,0.9893276414087513
30,1,semiregular,1,737,703,34,638,99,65,0.8656716417910447,0.9075391180654339,1.0483641536273116,0.8861111111111111
30,1,irregular,1,192,199,7,153,39,46,0.796875,0.7688442211055276,0.964824120603015,0.782608695652174
30,1,regular,2,951,937,14,932,19,5,0.9800210304942166,0.9946638207043756,1.0149413020277482,0.9872881355932204
30,1,semiregular,2,729,703,26,641,88,62,0.879286694101509,0.9118065433854907,1.0369843527738265,0.8952513966480448
30,1,irregular,2,194,199,5,172,22,27,0.8865979381443299,0.864321608040201,0.9748743718592965,0.8753180661577608
30,1,regular,3,944,937,7,936,8,1,0.9915254237288136,0.9989327641408752,1.007470651013874,0.9952153110047847
30,1,semiregular,3,725,703,22,659,66,44,0.9089655172413793,0.9374110953058321,1.031294452347084,0.92296918767507
30,1,irregular,3,205,199,6,178,27,21,0.8682926829268293,0.8944723618090452,1.0301507537688441,0.8811881188118812
30,2,regular,1,1123,1224,101,1115,8,109,0.9928762243989314,0.9109477124183006,0.9174836601307189,0.9501491265445249
30,2,semiregular,1,566,647,81,541,25,106,0.9558303886925795,0.8361669242658424,0.874806800618238,0.8920032976092334
30,2,irregular,1,204,217,13,114,90,103,0.5588235294117647,0.5253456221198156,0.9400921658986175,0.5415676959619953
30,2,regular,2,1173,1224,51,1160,13,64,0.9889173060528559,0.9477124183006536,0.9583333333333334,0.9678765123070504
30,2,semiregular,2,589,647,58,575,14,72,0.9762308998302207,0.8887171561051005,0.910355486862442,0.9304207119741099
30,2,irregular,2,205,217,12,186,19,31,0.9073170731707317,0.8571428571428571,0.9447004608294931,0.8815165876777251
30,2,regular,3,1214,1224,10,1210,4,14,0.9967051070840197,0.988562091503268,0.9918300653594772,0.992616899097621
30,2,semiregular,3,641,647,6,613,28,34,0.9563182527301092,0.9474497681607419,0.990726429675425,0.9518633540372671
30,2,irregular,3,234,217,17,205,29,12,0.8760683760683761,0.9447004608294931,1.0783410138248848,0.9090909090909092
30,3,regular,1,971,1053,82,970,1,83,0.9989701338825953,0.9211775878442545,0.9221272554605888,0.958498023715415
30,3,semiregular,1,712,716,4,658,54,58,0.9241573033707865,0.9189944134078212,0.994413407821229,0.9215686274509803
30,3,irregular,1,215,224,9,149,66,75,0.6930232558139535,0.6651785714285714,0.9598214285714286,0.6788154897494305
30,3,regular,2,1015,1053,38,1013,2,40,0.9980295566502463,0.9620132953466287,0.9639126305792972,0.9796905222437138
30,3,semiregular,2,732,716,16,683,49,33,0.9330601092896175,0.9539106145251397,1.0223463687150838,0.9433701657458563
30,3,irregular,2,205,224,19,192,13,32,0.9365853658536586,0.8571428571428571,0.9151785714285714,0.8951048951048951
30,3,regular,3,1033,1053,20,1033,0,20,1.0,0.9810066476733144,0.9810066476733144,0.9904122722914669
30,3,semiregular,3,712,716,4,672,40,44,0.9438202247191011,0.9385474860335196,0.994413407821229,0.9411764705882353
30,3,irregular,3,218,224,6,195,23,29,0.8944954128440367,0.8705357142857143,0.9732142857142857,0.8823529411764706
30,4,regular,1,1103,1101,2,1093,10,8,0.9909338168631007,0.9927338782924614,1.0018165304268847,0.9918330308529946
30,4,semiregular,1,622,614,8,516,106,98,0.8295819935691319,0.8403908794788274,1.013029315960912,0.8349514563106797
30,4,irregular,1,238,228,10,159,79,69,0.6680672268907563,0.6973684210526315,1.043859649122807,0.6824034334763948
30,4,regular,2,1101,1101,0,1091,10,10,0.9909173478655767,0.9909173478655767,1.0,0.9909173478655767
30,4,semiregular,2,600,614,14,555,45,59,0.925,0.9039087947882736,0.9771986970684039,0.914332784184514
30,4,irregular,2,210,228,18,189,21,39,0.9,0.8289473684210527,0.9210526315789473,0.8630136986301371
30,4,regular,3,1110,1101,9,1098,12,3,0.9891891891891892,0.997275204359673,1.008174386920981,0.9932157394843961
30,4,semiregular,3,606,614,8,566,40,48,0.933993399339934,0.9218241042345277,0.9869706840390879,0.9278688524590163
30,4,irregular,3,246,228,18,211,35,17,0.8577235772357723,0.9254385964912281,1.0789473684210527,0.8902953586497891
30,5,regular,1,1010,1044,34,1009,1,35,0.999009900990099,0.9664750957854407,0.9674329501915708,0.9824732229795522
30,5,semiregular,1,752,668,84,633,119,35,0.8417553191489362,0.9476047904191617,1.125748502994012,0.8915492957746478
30,5,irregular,1,219,217,2,158,61,59,0.7214611872146118,0.728110599078341,1.0092165898617511,0.7247706422018348
30,5,regular,2,1027,1044,17,1024,3,20,0.997078870496592,0.9808429118773946,0.9837164750957854,0.9888942539835827
30,5,semiregular,2,721,668,53,649,72,19,0.9001386962552012,0.9715568862275449,1.0793413173652695,0.9344852411807055
30,5,irregular,2,211,217,6,189,22,28,0.8957345971563981,0.8709677419354839,0.9723502304147466,0.8831775700934579
30,5,regular,3,1038,1044,6,1038,0,6,1.0,0.9942528735632183,0.9942528735632183,0.9971181556195965
30,5,semiregular,3,697,668,29,637,60,31,0.9139167862266858,0.9535928143712575,1.0434131736526946,0.9333333333333333
30,5,irregular,3,226,217,9,194,32,23,0.8584070796460177,0.8940092165898618,1.0414746543778801,0.8758465011286681
30,6,regular,1,939,915,24,911,28,4,0.9701810436634718,0.9956284153005465,1.0262295081967212,0.982740021574973
30,6,semiregular,1,703,701,2,650,53,51,0.9246088193456614,0.927246790299572,1.0028530670470757,0.9259259259259259
30,6,irregular,1,181,195,14,107,74,88,0.5911602209944752,0.5487179487179488,0.9282051282051282,0.5691489361702128
30,6,regular,2,910,915,5,898,12,17,0.9868131868131869,0.9814207650273225,0.994535519125683,0.984109589041096
30,6,semiregular,2,725,701,24,679,46,22,0.9365517241379311,0.9686162624821684,1.0342368045649073,0.9523141654978963
30,6,irregular,2,190,195,5,123,67,72,0.6473684210526316,0.6307692307692307,0.9743589743589743,0.638961038961039
30,6,regular,3,916,915,1,912,4,3,0.9956331877729258,0.9967213114754099,1.0010928961748633,0.9961769524849808
30,6,semiregular,3,716,701,15,677,39,24,0.9455307262569832,0.9657631954350927,1.0213980028530671,0.9555398729710656
30,6,irregular,3,214,195,19,176,38,19,0.822429906542056,0.9025641025641026,1.0974358974358975,0.8606356968215159
30,7,regular,1,1225,1230,5,1210,15,20,0.9877551020408163,0.983739837398374,0.9959349593495935,0.9857433808553971
30,7,semiregular,1,764,761,3,659,105,102,0.862565445026178,0.8659658344283837,1.0039421813403417,0.8642622950819673
30,7,irregular,1,230,225,5,143,87,82,0.6217391304347826,0.6355555555555555,1.0222222222222221,0.6285714285714286
30,7,regular,2,1229,1230,1,1215,14,15,0.9886086248982913,0.9878048780487805,0.9991869918699187,0.9882065880439204
30,7,semiregular,2,720,761,41,664,56,97,0.9222222222222223,0.8725361366622865,0.9461235216819974,0.8966914247130318
30,7,irregular,2,188,225,37,178,10,47,0.9468085106382979,0.7911111111111111,0.8355555555555556,0.8619854721549636
30,7,regular,3,1230,1230,0,1224,6,6,0.9951219512195122,0.9951219512195122,1.0,0.9951219512195122
30,7,semiregular,3,755,761,6,684,71,77,0.9059602649006623,0.8988173455978975,0.9921156373193167,0.9023746701846966
30,7,irregular,3,235,225,10,210,25,15,0.8936170212765957,0.9333333333333333,1.0444444444444445,0.9130434782608695
30,8,regular,1,971,1035,64,964,7,71,0.9927909371781668,0.9314009661835749,0.9381642512077295,0.9611166500498505
30,8,semiregular,1,818,827,9,732,86,95,0.8948655256723717,0.8851269649334945,0.9891172914147521,0.8899696048632219
30,8,irregular,1,232,243,11,148,84,95,0.6379310344827587,0.6090534979423868,0.9547325102880658,0.6231578947368421
30,8,regular,2,1013,1035,22,1006,7,29,0.9930898321816387,0.9719806763285024,0.978743961352657,0.982421875
30,8,semiregular,2,813,827,14,761,52,66,0.9360393603936039,0.9201934703748489,0.9830713422007256,0.9280487804878049
30,8,irregular,2,220,243,23,196,24,47,0.8909090909090909,0.8065843621399177,0.9053497942386831,0.8466522678185745
30,8,regular,3,1037,1035,2,1030,7,5,0.9932497589199615,0.9951690821256038,1.0019323671497584,0.9942084942084942
30,8,semiregular,3,838,827,11,784,54,43,0.9355608591885441,0.9480048367593712,1.0133010882708586,0.9417417417417417
30,8,irregular,3,242,243,1,211,31,32,0.871900826446281,0.8683127572016461,0.9958847736625515,0.8701030927835052
30,9,regular,1,1023,1107,84,1018,5,89,0.9951124144672532,0.919602529358627,0.924119241192412,0.955868544600939
30,9,semiregular,1,631,701,70,598,33,103,0.9477020602218701,0.8530670470756063,0.9001426533523538,0.897897897897898
30,9,irregular,1,248,266,18,152,96,114,0.6129032258064516,0.5714285714285714,0.9323308270676691,0.5914396887159532
30,9,regular,2,1067,1107,40,1060,7,47,0.993439550140581,0.957542908762421,0.96386630532972,0.9751609935602576
30,9,semiregular,2,616,701,85,596,20,105,0.9675324675324676,0.8502139800285307,0.8787446504992867,0.9050873196659074
30,9,irregular,2,227,266,39,206,21,60,0.9074889867841409,0.7744360902255639,0.8533834586466166,0.8356997971602433
30,9,regular,3,1083,1107,24,1083,0,24,1.0,0.978319783197832,0.978319783197832,0.989041095890411
30,9,semiregular,3,686,701,15,667,19,34,0.9723032069970845,0.9514978601997147,0.978601997146933,0.9617880317231434
30,9,irregular,3,268,266,2,237,31,29,0.8843283582089553,0.8909774436090225,1.0075187969924813,0.8876404494382023
30,10,regular,1,1021,1014,7,997,24,17,0.9764936336924583,0.9832347140039448,1.0069033530571991,0.9798525798525799
30,10,semiregular,1,673,656,17,624,49,32,0.9271916790490342,0.9512195121951219,1.0259146341463414,0.9390519187358916
30,10,irregular,1,226,247,21,175,51,72,0.7743362831858407,0.708502024291498,0.9149797570850202,0.7399577167019027
30,10,regular,2,1024,1014,10,998,26,16,0.974609375,0.9842209072978304,1.009861932938856,0.9793915603532877
30,10,semiregular,2,676,656,20,607,69,49,0.8979289940828402,0.9253048780487805,1.0304878048780488,0.9114114114114114
30,10,irregular,2,223,247,24,202,21,45,0.905829596412556,0.8178137651821862,0.902834008097166,0.8595744680851063
30,10,regular,3,1027,1014,13,1011,16,3,0.9844206426484907,0.9970414201183432,1.0128205128205128,0.9906908378245957
30,10,semiregular,3,668,656,12,631,37,25,0.9446107784431138,0.961890243902439,1.0182926829268293,0.9531722054380665
30,10,irregular,3,246,247,1,221,25,26,0.8983739837398373,0.8947368421052632,0.9959514170040485,0.8965517241379309
30,11,regular,1,1025,1070,45,1024,1,46,0.9990243902439024,0.9570093457943926,0.9579439252336449,0.9775656324582339
30,11,semiregular,1,746,700,46,656,90,44,0.8793565683646113,0.9371428571428572,1.0657142857142856,0.9073305670816044
30,11,irregular,1,216,239,23,149,67,90,0.6898148148148148,0.6234309623430963,0.9037656903765691,0.6549450549450548
30,11,regular,2,1069,1070,1,1064,5,6,0.9953227315247896,0.994392523364486,0.9990654205607477,0.9948574100046751
30,11,semiregular,2,691,700,9,649,42,51,0.9392185238784371,0.9271428571428572,0.9871428571428571,0.9331416247304098
30,11,irregular,2,200,239,39,186,14,53,0.93,0.7782426778242678,0.8368200836820083,0.8473804100227791
30,11,regular,3,1059,1070,11,1058,1,12,0.9990557129367328,0.9887850467289719,0.9897196261682243,0.9938938468764678
30,11,semiregular,3,701,700,1,663,38,37,0.9457917261055635,0.9471428571428572,1.0014285714285713,0.9464668094218416
30,11,irregular,3,227,239,12,208,19,31,0.9162995594713657,0.8702928870292888,0.9497907949790795,0.8927038626609443
30,12,regular,1,1029,1007,22,1007,22,0,0.9786200194363459,1.0,1.0218470705064548,0.9891944990176817
30,12,semiregular,1,728,641,87,616,112,25,0.8461538461538461,0.9609984399375975,1.1357254290171608,0.899926953981008
30,12,irregular,1,255,204,51,181,74,23,0.7098039215686275,0.8872549019607843,1.25,0.7886710239651415
30,12,regular,2,1046,1007,39,1007,39,0,0.9627151051625239,1.0,1.038728897715988,0.9810034096444229
30,12,semiregular,2,670,641,29,596,74,45,0.8895522388059701,0.9297971918876755,1.045241809672387,0.9092295957284516
30,12,irregular,2,232,204,28,189,43,15,0.8146551724137931,0.9264705882352942,1.1372549019607843,0.8669724770642203
30,12,regular,3,1023,1007,16,1006,17,1,0.9833822091886608,0.9990069513406157,1.015888778550149,0.9911330049261083
30,12,semiregular,3,648,641,7,599,49,42,0.9243827160493827,0.9344773790951638,1.0109204368174727,0.9294026377036463
30,12,irregular,3,233,204,29,197,36,7,0.8454935622317596,0.9656862745098039,1.142156862745098,0.9016018306636155
30,13,regular,1,986,1000,14,981,5,19,0.9949290060851927,0.981,0.986,0.987915407854985
30,13,semiregular,1,872,815,57,790,82,25,0.9059633027522935,0.9693251533742331,1.0699386503067485,0.936573799644339
30,13,irregular,1,280,216,64,161,119,55,0.575,0.7453703703703703,1.2962962962962963,0.6491935483870966
30,13,regular,2,1011,1000,11,1000,11,0,0.9891196834817013,1.0,1.011,0.9945300845350572
30,13,semiregular,2,852,815,37,794,58,21,0.931924882629108,0.9742331288343559,1.045398773006135,0.9526094781043791
30,13,irregular,2,237,216,21,189,48,27,0.7974683544303798,0.875,1.0972222222222223,0.8344370860927153
30,13,regular,3,1002,1000,2,997,5,3,0.9950099800399201,0.997,1.002,0.9960039960039959
30,13,semiregular,3,822,815,7,785,37,30,0.9549878345498783,0.9631901840490797,1.0085889570552147,0.9590714722052536
30,13,irregular,3,234,216,18,203,31,13,0.8675213675213675,0.9398148148148148,1.0833333333333333,0.9022222222222223
30,14,regular,1,1005,1052,47,1004,1,48,0.9990049751243781,0.9543726235741445,0.9553231939163498,0.9761789013125912
30,14,semiregular,1,880,913,33,826,54,87,0.9386363636363636,0.904709748083242,0.963855421686747,0.9213608477412158
30,14,irregular,1,231,217,14,159,72,58,0.6883116883116883,0.7327188940092166,1.064516129032258,0.7098214285714286
30,14,regular,2,1008,1052,44,1005,3,47,0.9970238095238095,0.9553231939163498,0.9581749049429658,0.9757281553398058
30,14,semiregular,2,902,913,11,852,50,61,0.9445676274944568,0.9331872946330778,0.9879518072289156,0.9388429752066115
30,14,irregular,2,221,217,4,192,29,25,0.8687782805429864,0.8847926267281107,1.0184331797235022,0.8767123287671232
30,14,regular,3,1050,1052,2,1047,3,5,0.9971428571428571,0.9952471482889734,0.9980988593155894,0.9961941008563273
30,14,semiregular,3,889,913,24,840,49,73,0.9448818897637795,0.9200438116100766,0.9737130339539978,0.9322974472807991
30,14,irregular,3,204,217,13,191,13,26,0.9362745098039216,0.880184331797235,0.9400921658986175,0.9073634204275534
30,15,regular,1,932,964,32,929,3,35,0.9967811158798283,0.9636929460580913,0.966804979253112,0.979957805907173
30,15,semiregular,1,821,774,47,732,89,42,0.8915956151035322,0.9457364341085271,1.0607235142118863,0.9178683385579938
30,15,irregular,1,203,218,15,164,39,54,0.8078817733990148,0.7522935779816514,0.9311926605504587,0.7790973871733967
30,15,regular,2,944,964,20,941,3,23,0.996822033898305,0.9761410788381742,0.979253112033195,0.9863731656184486
30,15,semiregular,2,770,774,4,734,36,40,0.9532467532467532,0.9483204134366925,0.9948320413436692,0.9507772020725388
30,15,irregular,2,197,218,21,187,10,31,0.949238578680203,0.8577981651376146,0.9036697247706422,0.9012048192771084
30,15,regular,3,951,964,13,951,0,13,1.0,0.9865145228215768,0.9865145228215768,0.9932114882506528
30,15,semiregular,3,750,774,24,730,20,44,0.9733333333333334,0.9431524547803618,0.9689922480620154,0.958005249343832
30,15,irregular,3,223,218,5,202,21,16,0.905829596412556,0.926605504587156,1.0229357798165137,0.9160997732426304
30,16,regular,1,1076,1109,33,1068,8,41,0.9925650557620818,0.9630297565374211,0.9702434625788999,0.9775743707093821
30,16,semiregular,1,676,681,5,585,91,96,0.8653846153846154,0.8590308370044053,0.9926578560939795,0.862196020633751
30,16,irregular,1,213,272,59,143,70,129,0.6713615023474179,0.5257352941176471,0.7830882352941176,0.5896907216494846
30,16,regular,2,1133,1109,24,1109,24,0,0.9788172992056487,1.0,1.0216411181244365,0.9892952720785013
30,16,semiregular,2,664,681,17,631,33,50,0.9503012048192772,0.9265785609397944,0.9750367107195301,0.9382899628252789
30,16,irregular,2,244,272,28,212,32,60,0.8688524590163934,0.7794117647058824,0.8970588235294118,0.8217054263565892
30,16,regular,3,1109,1109,0,1103,6,6,0.9945897204688909,0.9945897204688909,1.0,0.9945897204688909
30,16,semiregular,3,650,681,31,615,35,66,0.9461538461538461,0.9030837004405287,0.9544787077826725,0.9241172051089407
30,16,irregular,3,253,272,19,218,35,54,0.8616600790513834,0.8014705882352942,0.9301470588235294,0.8304761904761905
30,17,regular,1,1014,1029,15,1011,3,18,0.9970414201183432,0.9825072886297376,0.9854227405247813,0.9897209985315712
30,17,semiregular,1,838,837,1,751,87,86,0.89618138424821,0.8972520908004779,1.001194743130227,0.8967164179104479
30,17,irregular,1,227,240,13,131,96,109,0.5770925110132159,0.5458333333333333,0.9458333333333333,0.5610278372591007
30,17,regular,2,1041,1029,12,1027,14,2,0.9865513928914506,0.9980563654033042,1.0116618075801749,0.9922705314009662
30,17,semiregular,2,854,837,17,801,53,36,0.9379391100702577,0.956989247311828,1.020310633213859,0.9473684210526316
30,17,irregular,2,278,240,38,200,78,40,0.7194244604316546,0.8333333333333334,1.1583333333333334,0.7722007722007722
30,17,regular,3,1062,1029,33,1028,34,1,0.967984934086629,0.9990281827016521,1.032069970845481,0.9832615973218556
30,17,semiregular,3,833,837,4,800,33,37,0.9603841536614646,0.955794504181601,0.995221027479092,0.9580838323353293
30,17,irregular,3,252,240,12,213,39,27,0.8452380952380952,0.8875,1.05,0.8658536585365854
30,18,regular,1,1020,1044,24,1018,2,26,0.9980392156862745,0.975095785440613,0.9770114942528736,0.9864341085271318
30,18,semiregular,1,822,801,21,754,68,47,0.9172749391727494,0.9413233458177278,1.0262172284644195,0.9291435613062231
30,18,irregular,1,240,252,12,170,70,82,0.7083333333333334,0.6746031746031746,0.9523809523809523,0.6910569105691058
30,18,regular,2,1070,1044,26,1044,26,0,0.9757009345794393,1.0,1.024904214559387,0.9877010406811731
30,18,semiregular,2,818,801,17,769,49,32,0.9400977995110025,0.9600499375780275,1.021223470661673,0.9499691167387277
30,18,irregular,2,256,252,4,223,33,29,0.87109375,0.8849206349206349,1.0158730158730158,0.8779527559055117
30,18,regular,3,1054,1044,10,1043,11,1,0.9895635673624289,0.9990421455938697,1.0095785440613028,0.994280266920877
30,18,semiregular,3,799,801,2,765,34,36,0.9574468085106383,0.9550561797752809,0.9975031210986267,0.95625
30,18,irregular,3,263,252,11,229,34,23,0.870722433460076,0.9087301587301587,1.0436507936507937,0.8893203883495147
30,19,regular,1,1018,1076,58,1016,2,60,0.9980353634577603,0.9442379182156134,0.9460966542750929,0.9703915950334289
30,19,semiregular,1,740,753,13,692,48,61,0.9351351351351351,0.9189907038512616,0.9827357237715804,0.926992632283992
30,19,irregular,1,264,245,19,182,82,63,0.6893939393939394,0.7428571428571429,1.0775510204081633,0.7151277013752456
30,19,regular,2,1091,1076,15,1074,17,2,0.9844179651695693,0.9981412639405205,1.0139405204460967,0.9912321181356715
30,19,semiregular,2,725,753,28,693,32,60,0.9558620689655173,0.9203187250996016,0.9628154050464808,0.9377537212449256
30,19,irregular,2,251,245,6,211,40,34,0.8406374501992032,0.8612244897959184,1.0244897959183674,0.8508064516129031
30,19,regular,3,1077,1076,1,1073,4,3,0.9962859795728877,0.9972118959107806,1.0009293680297398,0.9967487227124942
30,19,semiregular,3,714,753,39,685,29,68,0.9593837535014006,0.9096945551128818,0.9482071713147411,0.9338786639400136
30,19,irregular,3,246,245,1,216,30,29,0.8780487804878049,0.8816326530612245,1.0040816326530613,0.8798370672097761
30,20,regular,1,1160,1251,91,1156,4,95,0.996551724137931,0.9240607513988809,0.9272581934452439,0.9589381999170469
30,20,semiregular,1,878,841,37,767,111,74,0.8735763097949886,0.9120095124851367,1.0439952437574316,0.8923792902850494
30,20,irregular,1,309,252,57,170,139,82,0.5501618122977346,0.6746031746031746,1.2261904761904763,0.6060606060606061
30,20,regular,2,1228,1251,23,1220,8,31,0.993485342019544,0.9752198241406874,0.9816147082334132,0.9842678499394917
30,20,semiregular,2,782,841,59,723,59,118,0.9245524296675192,0.8596908442330559,0.929845422116528,0.8909426987060998
30,20,irregular,2,254,252,2,217,37,35,0.8543307086614174,0.8611111111111112,1.007936507936508,0.857707509881423
30,20,regular,3,1155,1251,96,1155,0,96,1.0,0.9232613908872902,0.9232613908872902,0.9600997506234414
30,20,semiregular,3,824,841,17,763,61,78,0.9259708737864077,0.9072532699167658,0.9797859690844233,0.9165165165165164
30,20,irregular,3,253,252,1,223,30,29,0.8814229249011858,0.8849206349206349,1.003968253968254,0.8831683168316832
30,21,regular,1,908,920,12,906,2,14,0.9977973568281938,0.9847826086956522,0.9869565217391304,0.9912472647702406
30,21,semiregular,1,615,549,66,502,113,47,0.816260162601626,0.9143897996357013,1.1202185792349726,0.8625429553264606
30,21,irregular,1,236,204,32,168,68,36,0.711864406779661,0.8235294117647058,1.1568627450980393,0.7636363636363636
30,21,regular,2,917,920,3,913,4,7,0.9956379498364231,0.9923913043478261,0.9967391304347826,0.9940119760479041
30,21,semiregular,2,599,549,50,522,77,27,0.8714524207011686,0.9508196721311475,1.0910746812386156,0.9094076655052264
30,21,irregular,2,205,204,1,184,21,20,0.8975609756097561,0.9019607843137255,1.0049019607843137,0.8997555012224939
30,21,regular,3,920,920,0,917,3,3,0.9967391304347826,0.9967391304347826,1.0,0.9967391304347826
30,21,semiregular,3,602,549,53,530,72,19,0.8803986710963455,0.9653916211293261,1.0965391621129326,0.9209383145091224
30,21,irregular,3,214,204,10,196,18,8,0.9158878504672897,0.9607843137254902,1.0490196078431373,0.9377990430622011
30,22,regular,1,972,946,26,944,28,2,0.9711934156378601,0.9978858350951374,1.0274841437632136,0.9843587069864442
30,22,semiregular,1,750,703,47,653,97,50,0.8706666666666667,0.9288762446657184,1.0668563300142246,0.8988300068823125
30,22,irregular,1,204,247,43,158,46,89,0.7745098039215687,0.6396761133603239,0.8259109311740891,0.7006651884700666
30,22,regular,2,956,946,10,936,20,10,0.9790794979079498,0.9894291754756871,1.0105708245243128,0.9842271293375395
30,22,semiregular,2,696,703,7,654,42,49,0.9396551724137931,0.930298719772404,0.9900426742532006,0.9349535382416012
30,22,irregular,2,217,247,30,199,18,48,0.9170506912442397,0.805668016194332,0.8785425101214575,0.8577586206896551
30,22,regular,3,952,946,6,944,8,2,0.9915966386554622,0.9978858350951374,1.0063424947145878,0.9947312961011591
30,22,semiregular,3,710,703,7,660,50,43,0.9295774647887324,0.9388335704125178,1.0099573257467995,0.9341825902335457
30,22,irregular,3,248,247,1,223,25,24,0.8991935483870968,0.902834008097166,1.0040485829959513,0.9010101010101009
30,23,regular,1,979,999,20,969,10,30,0.9897854954034729,0.96996996996997,0.97997997997998,0.9797775530839232
30,23,semiregular,1,848,835,13,741,107,94,0.8738207547169812,0.8874251497005988,1.015568862275449,0.8805704099821746
30,23,irregular,1,234,266,32,151,83,115,0.6452991452991453,0.5676691729323309,0.8796992481203008,0.604
30,23,regular,2,971,999,28,967,4,32,0.995880535530381,0.9679679679679679,0.9719719719719719,0.9817258883248732
30,23,semiregular,2,777,835,58,740,37,95,0.9523809523809523,0.8862275449101796,0.9305389221556887,0.9181141439205954
30,23,irregular,2,228,266,38,208,20,58,0.9122807017543859,0.7819548872180451,0.8571428571428571,0.8421052631578947
30,23,regular,3,1002,999,3,997,5,2,0.9950099800399201,0.997997997997998,1.003003003003003,0.9965017491254372
30,23,semiregular,3,848,835,13,799,49,36,0.9422169811320755,0.9568862275449102,1.015568862275449,0.9494949494949495
30,23,irregular,3,279,266,13,236,43,30,0.8458781362007168,0.8872180451127819,1.0488721804511278,0.8660550458715596
30,24,regular,1,1030,1079,49,1023,7,56,0.9932038834951457,0.9481000926784059,0.9545875810936052,0.9701280227596017
30,24,semiregular,1,638,680,42,577,61,103,0.9043887147335423,0.8485294117647059,0.9382352941176471,0.8755690440060698
30,24,irregular,1,199,247,48,148,51,99,0.7437185929648241,0.5991902834008097,0.805668016194332,0.663677130044843
30,24,regular,2,1058,1079,21,1048,10,31,0.9905482041587902,0.9712696941612604,0.9805375347544022,0.9808142255498362
30,24,semiregular,2,661,680,19,637,24,43,0.9636913767019667,0.9367647058823529,0.9720588235294118,0.9500372856077555
30,24,irregular,2,214,247,33,204,10,43,0.9532710280373832,0.8259109311740891,0.8663967611336032,0.8850325379609545
30,24,regular,3,1056,1079,23,1055,1,24,0.9990530303030303,0.9777571825764597,0.9786839666357738,0.9882903981264637
30,24,semiregular,3,678,680,2,653,25,27,0.9631268436578171,0.9602941176470589,0.9970588235294118,0.9617083946980856
30,24,irregular,3,237,247,10,220,17,27,0.9282700421940928,0.8906882591093117,0.9595141700404858,0.9090909090909091
30,25,regular,1,887,946,59,885,2,61,0.9977452085682075,0.9355179704016914,0.9376321353065539,0.9656301145662848
30,25,semiregular,1,709,718,9,635,74,83,0.8956276445698167,0.8844011142061281,0.9874651810584958,0.889978976874562
30,25,irregular,1,244,207,37,153,91,54,0.6270491803278688,0.7391304347826086,1.178743961352657,0.6784922394678492
30,25,regular,2,918,946,28,915,3,31,0.9967320261437909,0.96723044397463,0.9704016913319239,0.9817596566523605
30,25,semiregular,2,708,718,10,659,49,59,0.9307909604519774,0.9178272980501393,0.9860724233983287,0.9242636746143057
30,25,irregular,2,229,207,22,166,63,41,0.7248908296943232,0.8019323671497585,1.106280193236715,0.7614678899082569
30,25,regular,3,856,946,90,856,0,90,1.0,0.904862579281184,0.904862579281184,0.9500554938956715
30,25,semiregular,3,625,718,93,581,44,137,0.9296,0.8091922005571031,0.8704735376044568,0.8652271034996276
30,25,irregular,3,219,207,12,155,64,52,0.7077625570776256,0.748792270531401,1.0579710144927537,0.727699530516432
30,26,regular,1,1116,985,131,985,131,0,0.8826164874551972,1.0,1.132994923857868,0.9376487386958592
30,26,semiregular,1,784,720,64,679,105,41,0.8660714285714286,0.9430555555555555,1.0888888888888888,0.9029255319148937
30,26,irregular,1,322,214,108,186,136,28,0.577639751552795,0.8691588785046729,1.5046728971962617,0.6940298507462687
30,26,regular,2,709,985,276,699,10,286,0.9858956276445698,0.7096446700507614,0.7197969543147208,0.8252656434474616
30,26,semiregular,2,759,720,39,673,86,47,0.8866930171277997,0.9347222222222222,1.0541666666666667,0.9100743745774171
30,26,irregular,2,237,214,23,164,73,50,0.6919831223628692,0.7663551401869159,1.1074766355140186,0.7272727272727273
30,26,regular,3,1075,985,90,979,96,6,0.9106976744186046,0.9939086294416244,1.0913705583756346,0.9504854368932039
30,26,semiregular,3,782,720,62,680,102,40,0.8695652173913043,0.9444444444444444,1.086111111111111,0.9054593874833555
30,26,irregular,3,289,214,75,202,87,12,0.698961937716263,0.9439252336448598,1.3504672897196262,0.8031809145129225
30,27,regular,1,1056,1166,110,1053,3,113,0.9971590909090909,0.9030874785591767,0.9056603773584906,0.9477947794779478
30,27,semiregular,1,587,728,141,523,64,205,0.8909710391822828,0.7184065934065934,0.8063186813186813,0.7954372623574145
30,27,irregular,1,193,270,77,148,45,122,0.7668393782383419,0.5481481481481482,0.7148148148148148,0.6393088552915767
30,27,regular,2,1114,1166,52,1108,6,58,0.9946140035906643,0.9502572898799314,0.9554030874785592,0.9719298245614035
30,27,semiregular,2,704,728,24,657,47,71,0.9332386363636364,0.9024725274725275,0.967032967032967,0.9175977653631284
30,27,irregular,2,246,270,24,229,17,41,0.9308943089430894,0.8481481481481481,0.9111111111111111,0.8875968992248062
30,27,regular,3,1158,1166,8,1158,0,8,1.0,0.9931389365351629,0.9931389365351629,0.9965576592082617
30,27,semiregular,3,690,728,38,655,35,73,0.9492753623188406,0.8997252747252747,0.9478021978021978,0.923836389280677
30,27,irregular,3,264,270,6,231,33,39,0.875,0.8555555555555555,0.9777777777777777,0.8651685393258427
30,28,regular,1,1030,1098,68,1017,13,81,0.987378640776699,0.9262295081967213,0.9380692167577414,0.955827067669173
30,28,semiregular,1,865,859,6,783,82,76,0.9052023121387284,0.9115250291036089,1.0069848661233993,0.9083526682134571
30,28,irregular,1,274,293,19,139,135,154,0.5072992700729927,0.47440273037542663,0.9351535836177475,0.49029982363315694
30,28,regular,2,1092,1098,6,1075,17,23,0.9844322344322345,0.9790528233151184,0.994535519125683,0.9817351598173516
30,28,semiregular,2,793,859,66,746,47,113,0.9407313997477932,0.8684516880093132,0.9231664726426076,0.9031476997578691
30,28,irregular,2,281,293,12,213,68,80,0.7580071174377224,0.726962457337884,0.9590443686006825,0.7421602787456446
30,28,regular,3,1093,1098,5,1092,1,6,0.9990850869167429,0.994535519125683,0.9954462659380692,0.9968051118210862
30,28,semiregular,3,799,859,60,772,27,87,0.9662077596996246,0.8987194412107101,0.930151338766007,0.9312424607961399
30,28,irregular,3,307,293,14,228,79,65,0.742671009771987,0.7781569965870307,1.0477815699658704,0.7600000000000001
30,29,regular,1,1084,1140,56,1083,1,57,0.9990774907749077,0.95,0.9508771929824561,0.9739208633093523
30,29,semiregular,1,939,869,70,816,123,53,0.8690095846645367,0.9390103567318757,1.0805523590333717,0.9026548672566372
30,29,irregular,1,235,247,12,173,62,74,0.7361702127659574,0.7004048582995951,0.951417004048583,0.7178423236514523
30,29,regular,2,1095,1140,45,1091,4,49,0.9963470319634703,0.9570175438596491,0.9605263157894737,0.9762863534675614
30,29,semiregular,2,956,869,87,839,117,30,0.8776150627615062,0.9654775604142692,1.100115074798619,0.9194520547945206
30,29,irregular,2,268,247,21,221,47,26,0.8246268656716418,0.8947368421052632,1.0850202429149798,0.858252427184466
30,29,regular,3,1065,1140,75,1065,0,75,1.0,0.9342105263157895,0.9342105263157895,0.9659863945578232
30,29,semiregular,3,892,869,23,807,85,62,0.9047085201793722,0.9286536248561565,1.0264672036823936,0.9165247018739353
30,29,irregular,3,255,247,8,219,36,28,0.8588235294117647,0.8866396761133604,1.0323886639676114,0.8725099601593627
30,30,regular,1,935,997,62,934,1,63,0.9989304812834224,0.9368104312938816,0.9378134403209629,0.9668737060041409
30,30,semiregular,1,813,810,3,746,67,64,0.9175891758917589,0.9209876543209876,1.0037037037037038,0.9192852741836105
30,30,irregular,1,291,250,41,150,141,100,0.5154639175257731,0.6,1.164,0.55452865064695
30,30,regular,2,966,997,31,965,1,32,0.9989648033126294,0.9679037111334002,0.9689067201604814,0.9831889964340296
30,30,semiregular,2,792,810,18,756,36,54,0.9545454545454546,0.9333333333333333,0.9777777777777777,0.9438202247191012
30,30,irregular,2,212,250,38,197,15,53,0.9292452830188679,0.788,0.848,0.8528138528138528
30,30,regular,3,1010,997,13,995,15,2,0.9851485148514851,0.9979939819458375,1.013039117352056,0.9915296462381663
30,30,semiregular,3,807,810,3,763,44,47,0.9454770755885997,0.9419753086419753,0.9962962962962963,0.9437229437229436
30,30,irregular,3,247,250,3,210,37,40,0.8502024291497976,0.84,0.988,0.8450704225352113
45,1,regular,1,971,937,34,937,34,0,0.964984552008239,1.0,1.0362860192102454,0.9821802935010482
45,1,semiregular,1,678,703,25,589,89,114,0.8687315634218289,0.8378378378378378,0.9644381223328592,0.8530050687907312
45,1,irregular,1,207,199,8,152,55,47,0.7342995169082126,0.7638190954773869,1.0402010050251256,0.748768472906404
45,1,regular,2,1013,937,76,936,77,1,0.9239881539980257,0.9989327641408752,1.08110992529349,0.9600000000000001
45,1,semiregular,2,727,703,24,651,76,52,0.8954607977991746,0.9260312944523471,1.0341394025604551,0.9104895104895104
45,1,irregular,2,184,199,15,162,22,37,0.8804347826086957,0.8140703517587939,0.9246231155778895,0.8459530026109662
45,1,regular,3,927,937,10,923,4,14,0.9956850053937433,0.9850586979722519,0.9893276414087513,0.9903433476394851
45,1,semiregular,3,701,703,2,642,59,61,0.9158345221112696,0.9132290184921764,0.9971550497866287,0.9145299145299145
45,1,irregular,3,199,199,0,175,24,24,0.8793969849246231,0.8793969849246231,1.0,0.8793969849246231
45,2,regular,1,1130,1224,94,1120,10,104,0.9911504424778761,0.9150326797385621,0.923202614379085,0.951571792693288
45,2,semiregular,1,521,647,126,498,23,149,0.9558541266794626,0.7697063369397218,0.8052550231839258,0.8527397260273972
45,2,irregular,1,224,217,7,124,100,93,0.5535714285714286,0.5714285714285714,1.032258064516129,0.562358276643991
45,2,regular,2,1139,1224,85,1126,13,98,0.9885864793678666,0.9199346405228758,0.9305555555555556,0.9530258146424037
45,2,semiregular,2,609,647,38,586,23,61,0.9622331691297209,0.9057187017001546,0.9412673879443586,0.9331210191082804
45,2,irregular,2,207,217,10,186,21,31,0.8985507246376812,0.8571428571428571,0.9539170506912442,0.8773584905660375
45,2,regular,3,1228,1224,4,1217,11,7,0.991042345276873,0.994281045751634,1.0032679738562091,0.9926590538336052
45,2,semiregular,3,625,647,22,608,17,39,0.9728,0.9397217928902627,0.9659969088098919,0.9559748427672956
45,2,irregular,3,227,217,10,194,33,23,0.8546255506607929,0.8940092165898618,1.0460829493087558,0.8738738738738739
45,3,regular,1,1024,1053,29,1020,4,33,0.99609375,0.9686609686609686,0.9724596391263058,0.9821858449687049
45,3,semiregular,1,671,716,45,618,53,98,0.9210134128166915,0.8631284916201117,0.9371508379888268,0.8911319394376352
45,3,irregular,1,228,224,4,152,76,72,0.6666666666666666,0.6785714285714286,1.0178571428571428,0.6725663716814159
45,3,regular,2,991,1053,62,988,3,65,0.9969727547931383,0.9382716049382716,0.9411206077872745,0.9667318982387475
45,3,semiregular,2,723,716,7,671,52,45,0.9280774550484094,0.9371508379888268,1.0097765363128492,0.9325920778318276
45,3,irregular,2,199,224,25,178,21,46,0.8944723618090452,0.7946428571428571,0.8883928571428571,0.8416075650118203
45,3,regular,3,1038,1053,15,1037,1,16,0.9990366088631984,0.9848053181386515,0.9857549857549858,0.991869918699187
45,3,semiregular,3,705,716,11,666,39,50,0.9446808510638298,0.9301675977653632,0.9846368715083799,0.9373680506685433
45,3,irregular,3,222,224,2,191,31,33,0.8603603603603603,0.8526785714285714,0.9910714285714286,0.8565022421524662
45,4,regular,1,1115,1101,14,1091,24,10,0.97847533632287,0.9909173478655767,1.0127157129881925,0.9846570397111912
45,4,semiregular,1,589,614,25,492,97,122,0.8353140916808149,0.8013029315960912,0.9592833876221498,0.8179551122194514
45,4,irregular,1,242,228,14,155,87,73,0.640495867768595,0.6798245614035088,1.0614035087719298,0.6595744680851063
45,4,regular,2,1072,1101,29,1059,13,42,0.9878731343283582,0.9618528610354223,0.9736603088101726,0.9746893695352047
45,4,semiregular,2,605,614,9,556,49,58,0.9190082644628099,0.9055374592833876,0.9853420195439739,0.9122231337161608
45,4,irregular,2,222,228,6,192,30,36,0.8648648648648649,0.8421052631578947,0.9736842105263158,0.8533333333333334
45,4,regular,3,1107,1101,6,1100,7,1,0.993676603432701,0.9990917347865577,1.005449591280654,0.9963768115942029
45,4,semiregular,3,579,614,35,545,34,69,0.9412780656303973,0.8876221498371335,0.9429967426710097,0.9136630343671416
45,4,irregular,3,231,228,3,202,29,26,0.8744588744588745,0.8859649122807017,1.013157894736842,0.8801742919389979
45,5,regular,1,1043,1044,1,1039,4,5,0.9961649089165868,0.9952107279693486,0.9990421455938697,0.9956875898418783
45,5,semiregular,1,682,668,14,601,81,67,0.8812316715542522,0.8997005988023952,1.0209580838323353,0.8903703703703704
45,5,irregular,1,219,217,2,150,69,67,0.684931506849315,0.6912442396313364,1.0092165898617511,0.6880733944954128
45,5,regular,2,1057,1044,13,1044,13,0,0.9877010406811731,1.0,1.0124521072796935,0.9938124702522609
45,5,semiregular,2,712,668,44,642,70,26,0.901685393258427,0.9610778443113772,1.0658682634730539,0.9304347826086956
45,5,irregular,2,200,217,17,176,24,41,0.88,0.8110599078341014,0.9216589861751152,0.8441247002398082
45,5,regular,3,1036,1044,8,1036,0,8,1.0,0.9923371647509579,0.9923371647509579,0.9961538461538463
45,5,semiregular,3,673,668,5,623,50,45,0.9257057949479941,0.9326347305389222,1.0074850299401197,0.9291573452647278
45,5,irregular,3,227,217,10,194,33,23,0.8546255506607929,0.8940092165898618,1.0460829493087558,0.8738738738738739
45,6,regular,1,918,915,3,894,24,21,0.9738562091503268,0.9770491803278688,1.0032786885245901,0.9754500818330606
45,6,semiregular,1,656,701,45,610,46,91,0.9298780487804879,0.8701854493580599,0.9358059914407989,0.899042004421518
45,6,irregular,1,188,195,7,107,81,88,0.5691489361702128,0.5487179487179488,0.9641025641025641,0.5587467362924282
45,6,regular,2,977,915,62,915,62,0,0.9365404298874105,1.0,1.06775956284153,0.9672304439746301
45,6,semiregular,2,725,701,24,669,56,32,0.9227586206896552,0.9543509272467903,1.0342368045649073,0.938288920056101
45,6,irregular,2,192,195,3,122,70,73,0.6354166666666666,0.6256410256410256,0.9846153846153847,0.6304909560723515
45,6,regular,3,907,915,8,902,5,13,0.9944873208379272,0.985792349726776,0.9912568306010929,0.9901207464324917
45,6,semiregular,3,690,701,11,660,30,41,0.9565217391304348,0.9415121255349501,0.9843081312410842,0.9489575844716033
45,6,irregular,3,213,195,18,175,38,20,0.8215962441314554,0.8974358974358975,1.0923076923076922,0.857843137254902
45,7,regular,1,1162,1230,68,1154,8,76,0.9931153184165232,0.9382113821138212,0.9447154471544715,0.9648829431438127
45,7,semiregular,1,709,761,52,634,75,127,0.8942172073342737,0.8331143232588699,0.9316688567674113,0.8625850340136054
45,7,irregular,1,228,225,3,122,106,103,0.5350877192982456,0.5422222222222223,1.0133333333333334,0.5386313465783664
45,7,regular,2,1245,1230,15,1224,21,6,0.983132530120482,0.9951219512195122,1.0121951219512195,0.989090909090909
45,7,semiregular,2,723,761,38,663,60,98,0.91701244813278,0.871222076215506,0.9500657030223391,0.8935309973045823
45,7,irregular,2,184,225,41,174,10,51,0.9456521739130435,0.7733333333333333,0.8177777777777778,0.8508557457212713
45,7,regular,3,1225,1230,5,1221,4,9,0.996734693877551,0.9926829268292683,0.9959349593495935,0.994704684317719
45,7,semiregular,3,729,761,32,668,61,93,0.9163237311385459,0.8777923784494087,0.9579500657030223,0.8966442953020134
45,7,irregular,3,223,225,2,196,27,29,0.8789237668161435,0.8711111111111111,0.9911111111111112,0.8749999999999999
45,8,regular,1,1007,1035,28,1001,6,34,0.9940417080436942,0.9671497584541063,0.9729468599033816,0.9804113614103821
45,8,semiregular,1,810,827,17,724,86,103,0.8938271604938272,0.875453446191052,0.9794437726723095,0.8845448992058643
45,8,irregular,1,256,243,13,150,106,93,0.5859375,0.6172839506172839,1.0534979423868314,0.6012024048096192
45,8,regular,2,1026,1035,9,1015,11,20,0.9892787524366472,0.9806763285024155,0.991304347826087,0.984958757884522
45,8,semiregular,2,810,827,17,754,56,73,0.9308641975308642,0.9117291414752116,0.9794437726723095,0.9211973121563836
45,8,irregular,2,217,243,26,187,30,56,0.8617511520737328,0.7695473251028807,0.8930041152263375,0.8130434782608695
45,8,regular,3,1038,1035,3,1031,7,4,0.9932562620423893,0.996135265700483,1.0028985507246377,0.994693680656054
45,8,semiregular,3,814,827,13,764,50,63,0.9385749385749386,0.9238210399032648,0.9842805320435308,0.9311395490554539
45,8,irregular,3,250,243,7,205,45,38,0.82,0.8436213991769548,1.02880658436214,0.8316430020283976
45,9,regular,1,1055,1107,52,1049,6,58,0.9943127962085309,0.947606142728094,0.953026196928636,0.9703977798334876
45,9,semiregular,1,605,701,96,579,26,122,0.9570247933884297,0.8259629101283881,0.8630527817403709,0.886676875957121
45,9,irregular,1,257,266,9,141,116,125,0.5486381322957199,0.5300751879699248,0.9661654135338346,0.5391969407265775
45,9,regular,2,1029,1107,78,1022,7,85,0.9931972789115646,0.9232158988256549,0.9295392953929539,0.9569288389513109
45,9,semiregular,2,627,701,74,601,26,100,0.9585326953748007,0.8573466476462197,0.8944365192582026,0.9051204819277109
45,9,irregular,2,234,266,32,213,21,53,0.9102564102564102,0.8007518796992481,0.8796992481203008,0.8520000000000001
45,9,regular,3,1098,1107,9,1096,2,11,0.9981785063752276,0.990063233965673,0.991869918699187,0.9941043083900226
45,9,semiregular,3,672,701,29,652,20,49,0.9702380952380952,0.9300998573466477,0.9586305278174037,0.9497450837581938
45,9,irregular,3,261,266,5,232,29,34,0.8888888888888888,0.8721804511278195,0.981203007518797,0.8804554079696395
45,10,regular,1,1071,1014,57,1009,62,5,0.942110177404295,0.995069033530572,1.0562130177514792,0.9678657074340529
45,10,semiregular,1,624,656,32,581,43,75,0.9310897435897436,0.885670731707317,0.9512195121951219,0.9078125
45,10,irregular,1,217,247,30,169,48,78,0.7788018433179723,0.6842105263157895,0.8785425101214575,0.728448275862069
45,10,regular,2,1063,1014,49,1013,50,1,0.9529633113828786,0.9990138067061144,1.0483234714003944,0.9754453538757822
45,10,semiregular,2,678,656,22,616,62,40,0.9085545722713865,0.9390243902439024,1.0335365853658536,0.9235382308845578
45,10,irregular,2,220,247,27,203,17,44,0.9227272727272727,0.8218623481781376,0.8906882591093117,0.8693790149892934
45,10,regular,3,1018,1014,4,1012,6,2,0.9941060903732809,0.9980276134122288,1.0039447731755424,0.9960629921259843
45,10,semiregular,3,638,656,18,606,32,50,0.9498432601880877,0.9237804878048781,0.9725609756097561,0.9366306027820711
45,10,irregular,3,248,247,1,220,28,27,0.8870967741935484,0.8906882591093117,1.0040485829959513,0.8888888888888887
45,11,regular,1,1063,1070,7,1059,4,11,0.9962370649106302,0.9897196261682243,0.9934579439252337,0.9929676511954993
45,11,semiregular,1,718,700,18,636,82,64,0.8857938718662952,0.9085714285714286,1.0257142857142858,0.8970380818053596
45,11,irregular,1,227,239,12,153,74,86,0.6740088105726872,0.6401673640167364,0.9497907949790795,0.6566523605150214
45,11,regular,2,1089,1070,19,1070,19,0,0.9825528007346189,1.0,1.0177570093457944,0.9911996294580825
45,11,semiregular,2,697,700,3,644,53,56,0.9239598278335724,0.92,0.9957142857142857,0.9219756621331425
45,11,irregular,2,202,239,37,179,23,60,0.8861386138613861,0.7489539748953975,0.8451882845188284,0.8117913832199548
45,11,regular,3,1052,1070,18,1052,0,18,1.0,0.983177570093458,0.983177570093458,0.9915174363807728
45,11,semiregular,3,677,700,23,640,37,60,0.9453471196454948,0.9142857142857143,0.9671428571428572,0.9295570079883806
45,11,irregular,3,227,239,12,196,31,43,0.8634361233480177,0.8200836820083682,0.9497907949790795,0.8412017167381974
45,12,regular,1,1079,1007,72,1007,72,0,0.933271547729379,1.0,1.0714995034756702,0.9654841802492808
45,12,semiregular,1,696,641,55,598,98,43,0.8591954022988506,0.9329173166926678,1.0858034321372856,0.8945400149588633
45,12,irregular,1,264,204,60,184,80,20,0.696969696969697,0.9019607843137255,1.2941176470588236,0.7863247863247863
45,12,regular,2,1050,1007,43,1007,43,0,0.959047619047619,1.0,1.0427010923535254,0.9790957705396208
45,12,semiregular,2,655,641,14,582,73,59,0.8885496183206106,0.9079563182527302,1.0218408736349454,0.8981481481481481
45,12,irregular,2,229,204,25,187,42,17,0.8165938864628821,0.9166666666666666,1.1225490196078431,0.8637413394919168
45,12,regular,3,1011,1007,4,1007,4,0,0.9960435212660732,1.0,1.0039721946375373,0.998017839444995
45,12,semiregular,3,625,641,16,578,47,63,0.9248,0.9017160686427457,0.9750390015600624,0.9131121642969985
45,12,irregular,3,230,204,26,193,37,11,0.8391304347826087,0.946078431372549,1.1274509803921569,0.8894009216589862
45,13,regular,1,1034,1000,34,999,35,1,0.9661508704061895,0.999,1.034,0.9823008849557522
45,13,semiregular,1,831,815,16,767,64,48,0.9229843561973526,0.9411042944785276,1.019631901840491,0.9319562575941678
45,13,irregular,1,307,216,91,169,138,47,0.5504885993485342,0.7824074074074074,1.4212962962962963,0.6462715105162524
45,13,regular,2,1022,1000,22,1000,22,0,0.9784735812133072,1.0,1.022,0.9891196834817012
45,13,semiregular,2,819,815,4,775,44,40,0.9462759462759462,0.950920245398773,1.0049079754601227,0.9485924112607098
45,13,irregular,2,223,216,7,193,30,23,0.8654708520179372,0.8935185185185185,1.0324074074074074,0.8792710706150341
45,13,regular,3,997,1000,3,996,1,4,0.9989969909729187,0.996,0.997,0.9974962443665497
45,13,semiregular,3,798,815,17,767,31,48,0.9611528822055138,0.9411042944785276,0.9791411042944785,0.9510229386236827
45,13,irregular,3,244,216,28,200,44,16,0.819672131147541,0.9259259259259259,1.1296296296296295,0.8695652173913043
45,14,regular,1,1006,1052,46,1005,1,47,0.9990059642147118,0.9553231939163498,0.9562737642585551,0.9766763848396502
45,14,semiregular,1,817,913,96,779,38,134,0.9534883720930233,0.8532311062431545,0.8948521358159912,0.900578034682081
45,14,irregular,1,221,217,4,148,73,69,0.669683257918552,0.6820276497695853,1.0184331797235022,0.6757990867579908
45,14,regular,2,989,1052,63,984,5,68,0.9949443882709808,0.935361216730038,0.9401140684410646,0.964233219010289
45,14,semiregular,2,913,913,0,858,55,55,0.9397590361445783,0.9397590361445783,1.0,0.9397590361445783
45,14,irregular,2,209,217,8,186,23,31,0.8899521531100478,0.8571428571428571,0.9631336405529954,0.8732394366197183
45,14,regular,3,1055,1052,3,1050,5,2,0.995260663507109,0.9980988593155894,1.002851711026616,0.9966777408637874
45,14,semiregular,3,871,913,42,833,38,80,0.9563719862227325,0.9123767798466593,0.9539978094194962,0.9338565022421524
45,14,irregular,3,212,217,5,180,32,37,0.8490566037735849,0.8294930875576036,0.9769585253456221,0.8391608391608391
45,15,regular,1,987,964,23,964,23,0,0.9766970618034447,1.0,1.0238589211618256,0.9882111737570476
45,15,semiregular,1,808,774,34,726,82,48,0.8985148514851485,0.937984496124031,1.0439276485788114,0.9178255372945638
45,15,irregular,1,208,218,10,168,40,50,0.8076923076923077,0.7706422018348624,0.9541284403669725,0.7887323943661972
45,15,regular,2,953,964,11,948,5,16,0.9947534102833159,0.983402489626556,0.9885892116182573,0.9890453834115807
45,15,semiregular,2,773,774,1,731,42,43,0.9456662354463131,0.9444444444444444,0.9987080103359173,0.9450549450549451
45,15,irregular,2,193,218,25,176,17,42,0.9119170984455959,0.8073394495412844,0.8853211009174312,0.8564476885644768
45,15,regular,3,965,964,1,964,1,0,0.9989637305699481,1.0,1.0010373443983402,0.9994815966822187
45,15,semiregular,3,736,774,38,705,31,69,0.9578804347826086,0.9108527131782945,0.9509043927648578,0.933774834437086
45,15,irregular,3,226,218,8,198,28,20,0.8761061946902655,0.908256880733945,1.036697247706422,0.891891891891892
45,16,regular,1,1113,1109,4,1102,11,7,0.9901168014375562,0.9936880072137061,1.0036068530207394,0.9918991899189918
45,16,semiregular,1,654,681,27,583,71,98,0.8914373088685015,0.856093979441997,0.960352422907489,0.8734082397003745
45,16,irregular,1,246,272,26,142,104,130,0.5772357723577236,0.5220588235294118,0.9044117647058824,0.5482625482625483
45,16,regular,2,1151,1109,42,1109,42,0,0.9635099913119027,1.0,1.0378719567177637,0.9814159292035398
45,16,semiregular,2,661,681,20,617,44,64,0.9334341906202723,0.9060205580029369,0.9706314243759178,0.9195230998509688
45,16,irregular,2,237,272,35,202,35,70,0.8523206751054853,0.7426470588235294,0.8713235294117647,0.793713163064833
45,16,regular,3,1108,1109,1,1106,2,3,0.9981949458483754,0.9972948602344455,0.9990982867448152,0.997744700045106
45,16,semiregular,3,632,681,49,596,36,85,0.9430379746835443,0.8751835535976505,0.9280469897209985,0.9078446306169078
45,16,irregular,3,249,272,23,217,32,55,0.8714859437751004,0.7977941176470589,0.9154411764705882,0.8330134357005758
45,17,regular,1,1033,1029,4,1025,8,4,0.9922555663117134,0.9961127308066083,1.0038872691933916,0.9941804073714839
45,17,semiregular,1,764,837,73,700,64,137,0.9162303664921466,0.8363201911589009,0.9127837514934289,0.8744534665833854
45,17,irregular,1,254,240,14,141,113,99,0.5551181102362205,0.5875,1.0583333333333333,0.5708502024291499
45,17,regular,2,1056,1029,27,1029,27,0,0.9744318181818182,1.0,1.0262390670553936,0.9870503597122302
45,17,semiregular,2,862,837,25,798,64,39,0.925754060324826,0.953405017921147,1.0298685782556751,0.9393761035903473
45,17,irregular,2,261,240,21,194,67,46,0.7432950191570882,0.8083333333333333,1.0875,0.7744510978043913
45,17,regular,3,1040,1029,11,1028,12,1,0.9884615384615385,0.9990281827016521,1.010689990281827,0.9937167713871435
45,17,semiregular,3,819,837,18,779,40,58,0.9511599511599511,0.9307048984468339,0.978494623655914,0.9408212560386473
45,17,irregular,3,251,240,11,209,42,31,0.8326693227091634,0.8708333333333333,1.0458333333333334,0.8513238289205703
45,18,regular,1,1043,1044,1,1036,7,8,0.9932885906040269,0.9923371647509579,0.9990421455938697,0.9928126497364639
45,18,semiregular,1,764,801,37,717,47,84,0.9384816753926701,0.8951310861423221,0.9538077403245943,0.91629392971246
45,18,irregular,1,258,252,6,164,94,88,0.6356589147286822,0.6507936507936508,1.0238095238095237,0.6431372549019608
45,18,regular,2,1117,1044,73,1044,73,0,0.9346463742166518,1.0,1.0699233716475096,0.966219342896807
45,18,semiregular,2,805,801,4,757,48,44,0.9403726708074535,0.9450686641697877,1.0049937578027466,0.9427148194271482
45,18,irregular,2,234,252,18,208,26,44,0.8888888888888888,0.8253968253968254,0.9285714285714286,0.8559670781893004
45,18,regular,3,1037,1044,7,1036,1,8,0.9990356798457087,0.9923371647509579,0.9932950191570882,0.995675156174916
45,18,semiregular,3,792,801,9,760,32,41,0.9595959595959596,0.9488139825218477,0.9887640449438202,0.9541745134965475
45,18,irregular,3,257,252,5,224,33,28,0.8715953307392996,0.8888888888888888,1.0198412698412698,0.8801571709233792
45,19,regular,1,1093,1076,17,1064,29,12,0.9734675205855444,0.9888475836431226,1.0157992565055762,0.9810972798524666
45,19,semiregular,1,711,753,42,666,45,87,0.9367088607594937,0.8844621513944223,0.9442231075697212,0.9098360655737705
45,19,irregular,1,254,245,9,166,88,79,0.6535433070866141,0.6775510204081633,1.036734693877551,0.6653306613226453
45,19,regular,2,1130,1076,54,1075,55,1,0.9513274336283186,0.9990706319702602,1.050185873605948,0.9746146872166819
45,19,semiregular,2,718,753,35,681,37,72,0.9484679665738162,0.9043824701195219,0.953519256308101,0.9259007477906186
45,19,irregular,2,245,245,0,213,32,32,0.8693877551020408,0.8693877551020408,1.0,0.8693877551020408
45,19,regular,3,1064,1076,12,1063,1,13,0.9990601503759399,0.9879182156133829,0.9888475836431226,0.9934579439252337
45,19,semiregular,3,697,753,56,668,29,85,0.9583931133428981,0.8871181938911022,0.9256308100929614,0.9213793103448277
45,19,irregular,3,234,245,11,199,35,46,0.8504273504273504,0.8122448979591836,0.9551020408163265,0.8308977035490605
45,20,regular,1,1184,1251,67,1179,5,72,0.995777027027027,0.9424460431654677,0.9464428457234213,0.9683778234086242
45,20,semiregular,1,879,841,38,774,105,67,0.8805460750853242,0.920332936979786,1.0451843043995244,0.9
45,20,irregular,1,311,252,59,177,134,75,0.5691318327974276,0.7023809523809523,1.2341269841269842,0.6287744227353463
45,20,regular,2,1264,1251,13,1244,20,7,0.9841772151898734,0.9944044764188649,1.0103916866506795,0.9892644135188867
45,20,semiregular,2,804,841,37,740,64,101,0.9203980099502488,0.8799048751486326,0.9560047562425684,0.8996960486322189
45,20,irregular,2,227,252,25,195,32,57,0.8590308370044053,0.7738095238095238,0.9007936507936508,0.8141962421711899
45,20,regular,3,1185,1251,66,1184,1,67,0.99915611814346,0.9464428457234213,0.947242206235012,0.9720853858784892
45,20,semiregular,3,817,841,24,753,64,88,0.9216646266829865,0.8953626634958383,0.9714625445897741,0.9083232810615198
45,20,irregular,3,243,252,9,212,31,40,0.8724279835390947,0.8412698412698413,0.9642857142857143,0.8565656565656565
45,21,regular,1,934,920,14,919,15,1,0.9839400428265525,0.9989130434782608,1.0152173913043478,0.9913700107874865
45,21,semiregular,1,554,549,5,463,91,86,0.8357400722021661,0.843351548269581,1.0091074681238617,0.8395285584768812
45,21,irregular,1,244,204,40,169,75,35,0.6926229508196722,0.8284313725490197,1.196078431372549,0.7544642857142858
45,21,regular,2,942,920,22,920,22,0,0.9766454352441614,1.0,1.0239130434782608,0.9881847475832438
45,21,semiregular,2,573,549,24,511,62,38,0.8917975567190227,0.930783242258652,1.0437158469945356,0.910873440285205
45,21,irregular,2,200,204,4,176,24,28,0.88,0.8627450980392157,0.9803921568627451,0.8712871287128714
45,21,regular,3,909,920,11,908,1,12,0.9988998899889989,0.9869565217391304,0.9880434782608696,0.9928922908693274
45,21,semiregular,3,571,549,22,515,56,34,0.9019264448336253,0.9380692167577414,1.0400728597449909,0.9196428571428572
45,21,irregular,3,208,204,4,192,16,12,0.9230769230769231,0.9411764705882353,1.0196078431372548,0.9320388349514563
45,22,regular,1,1025,946,79,946,79,0,0.9229268292682927,1.0,1.0835095137420718,0.9599188229325216
45,22,semiregular,1,714,703,11,648,66,55,0.907563025210084,0.9217638691322901,1.0156472261735419,0.9146083274523642
45,22,irregular,1,228,247,19,161,67,86,0.706140350877193,0.6518218623481782,0.9230769230769231,0.6778947368421052
45,22,regular,2,992,946,46,946,46,0,0.9536290322580645,1.0,1.0486257928118394,0.9762641898864809
45,22,semiregular,2,699,703,4,645,54,58,0.9227467811158798,0.9174964438122333,0.9943100995732574,0.920114122681883
45,22,irregular,2,223,247,24,198,25,49,0.8878923766816144,0.8016194331983806,0.902834008097166,0.8425531914893616
45,22,regular,3,946,946,0,943,3,3,0.9968287526427061,0.9968287526427061,1.0,0.9968287526427061
45,22,semiregular,3,674,703,29,637,37,66,0.9451038575667656,0.9061166429587483,0.9587482219061166,0.925199709513435
45,22,irregular,3,251,247,4,212,39,35,0.8446215139442231,0.8582995951417004,1.0161943319838056,0.8514056224899598
45,23,regular,1,980,999,19,971,9,28,0.9908163265306122,0.9719719719719719,0.980980980980981,0.9813036887316827
45,23,semiregular,1,770,835,65,707,63,128,0.9181818181818182,0.8467065868263473,0.9221556886227545,0.8809968847352025
45,23,irregular,1,219,266,47,121,98,145,0.5525114155251142,0.4548872180451128,0.8233082706766918,0.49896907216494846
45,23,regular,2,999,999,0,972,27,27,0.972972972972973,0.972972972972973,1.0,0.972972972972973
45,23,semiregular,2,835,835,0,781,54,54,0.9353293413173652,0.9353293413173652,1.0,0.9353293413173652
45,23,irregular,2,227,266,39,204,23,62,0.8986784140969163,0.7669172932330827,0.8533834586466166,0.8275862068965517
45,23,regular,3,1005,999,6,998,7,1,0.9930348258706467,0.998998998998999,1.006006006006006,0.9960079840319362
45,23,semiregular,3,838,835,3,779,59,56,0.9295942720763724,0.932934131736527,1.0035928143712576,0.931261207411835
45,23,irregular,3,287,266,21,230,57,36,0.8013937282229965,0.8646616541353384,1.0789473684210527,0.8318264014466547
45,24,regular,1,1075,1079,4,1065,10,14,0.9906976744186047,0.9870250231696015,0.9962928637627433,0.9888579387186629
45,24,semiregular,1,664,680,16,584,80,96,0.8795180722891566,0.8588235294117647,0.9764705882352941,0.8690476190476191
45,24,irregular,1,195,247,52,148,47,99,0.7589743589743589,0.5991902834008097,0.7894736842105263,0.6696832579185521
45,24,regular,2,1036,1079,43,1025,11,54,0.9893822393822393,0.9499536607970342,0.9601482854494903,0.9692671394799054
45,24,semiregular,2,659,680,21,635,24,45,0.9635811836115327,0.9338235294117647,0.9691176470588235,0.948469006721434
45,24,irregular,2,215,247,32,207,8,40,0.9627906976744186,0.8380566801619433,0.8704453441295547,0.8961038961038962
45,24,regular,3,1071,1079,8,1069,2,10,0.9981325863678805,0.9907321594068582,0.9925857275254866,0.9944186046511627
45,24,semiregular,3,654,680,26,637,17,43,0.9740061162079511,0.9367647058823529,0.961764705882353,0.9550224887556221
45,24,irregular,3,234,247,13,218,16,29,0.9316239316239316,0.8825910931174089,0.9473684210526315,0.9064449064449065
45,25,regular,1,933,946,13,930,3,16,0.9967845659163987,0.9830866807610994,0.9862579281183932,0.989888238424694
45,25,semiregular,1,649,718,69,589,60,129,0.9075500770416025,0.8203342618384402,0.903899721448468,0.8617410387710315
45,25,irregular,1,253,207,46,148,105,59,0.5849802371541502,0.714975845410628,1.2222222222222223,0.6434782608695652
45,25,regular,2,921,946,25,916,5,30,0.99457111834962,0.9682875264270613,0.9735729386892178,0.9812533476164972
45,25,semiregular,2,714,718,4,667,47,51,0.9341736694677871,0.9289693593314763,0.9944289693593314,0.9315642458100558
45,25,irregular,2,203,207,4,145,58,62,0.7142857142857143,0.7004830917874396,0.9806763285024155,0.7073170731707316
45,25,regular,3,873,946,73,872,1,74,0.9988545246277205,0.9217758985200846,0.9228329809725159,0.9587685541506322
45,25,semiregular,3,622,718,96,581,41,137,0.9340836012861736,0.8091922005571031,0.8662952646239555,0.8671641791044775
45,25,irregular,3,221,207,14,153,68,54,0.6923076923076923,0.7391304347826086,1.067632850241546,0.7149532710280374
45,26,regular,1,1154,985,169,984,170,1,0.8526863084922011,0.9989847715736041,1.1715736040609137,0.9200561009817673
45,26,semiregular,1,737,720,17,654,83,66,0.8873812754409769,0.9083333333333333,1.023611111111111,0.8977350720658888
45,26,irregular,1,340,214,126,189,151,25,0.5558823529411765,0.883177570093458,1.588785046728972,0.6823104693140795
45,26,regular,2,1023,985,38,892,131,93,0.8719452590420332,0.9055837563451776,1.0385786802030457,0.8884462151394422
45,26,semiregular,2,752,720,32,675,77,45,0.8976063829787234,0.9375,1.0444444444444445,0.9171195652173912
45,26,irregular,2,210,214,4,149,61,65,0.7095238095238096,0.6962616822429907,0.9813084112149533,0.7028301886792453
45,26,regular,3,1105,985,120,982,123,3,0.8886877828054298,0.9969543147208122,1.1218274111675126,0.9397129186602872
45,26,semiregular,3,710,720,10,657,53,63,0.9253521126760563,0.9125,0.9861111111111112,0.9188811188811189
45,26,irregular,3,268,214,54,197,71,17,0.7350746268656716,0.9205607476635514,1.2523364485981308,0.8174273858921162
45,27,regular,1,1089,1166,77,1085,4,81,0.9963269054178145,0.9305317324185248,0.9339622641509434,0.9623059866962305
45,27,semiregular,1,566,728,162,504,62,224,0.8904593639575972,0.6923076923076923,0.7774725274725275,0.7789799072642969
45,27,irregular,1,205,270,65,152,53,118,0.7414634146341463,0.562962962962963,0.7592592592592593,0.6399999999999999
45,27,regular,2,1098,1166,68,1090,8,76,0.9927140255009107,0.934819897084048,0.9416809605488851,0.9628975265017667
45,27,semiregular,2,713,728,15,670,43,58,0.9396914446002805,0.9203296703296703,0.9793956043956044,0.9299097848716169
45,27,irregular,2,240,270,30,220,20,50,0.9166666666666666,0.8148148148148148,0.8888888888888888,0.8627450980392156
45,27,regular,3,1167,1166,1,1164,3,2,0.9974293059125964,0.9982847341337907,1.0008576329331047,0.9978568366909558
45,27,semiregular,3,680,728,48,642,38,86,0.9441176470588235,0.8818681318681318,0.9340659340659341,0.9119318181818181
45,27,irregular,3,262,270,8,232,30,38,0.8854961832061069,0.8592592592592593,0.9703703703703703,0.8721804511278195
45,28,regular,1,1097,1098,1,1083,14,15,0.9872379216043756,0.9863387978142076,0.9990892531876139,0.9867881548974943
45,28,semiregular,1,901,859,42,799,102,60,0.8867924528301887,0.930151338766007,1.048894062863795,0.9079545454545455
45,28,irregular,1,346,293,53,172,174,121,0.49710982658959535,0.5870307167235495,1.180887372013652,0.5383411580594679
45,28,regular,2,1074,1098,24,1056,18,42,0.9832402234636871,0.9617486338797814,0.9781420765027322,0.9723756906077347
45,28,semiregular,2,832,859,27,786,46,73,0.9447115384615384,0.9150174621653085,0.9685681024447031,0.9296274393849794
45,28,irregular,2,261,293,32,204,57,89,0.7816091954022989,0.6962457337883959,0.8907849829351536,0.736462093862816
45,28,regular,3,1101,1098,3,1095,6,3,0.9945504087193461,0.9972677595628415,1.0027322404371584,0.9959072305593452
45,28,semiregular,3,799,859,60,770,29,89,0.9637046307884856,0.8963911525029103,0.930151338766007,0.9288299155609167
45,28,irregular,3,293,293,0,216,77,77,0.7372013651877133,0.7372013651877133,1.0,0.7372013651877133
45,29,regular,1,1119,1140,21,1114,5,26,0.9955317247542449,0.9771929824561404,0.9815789473684211,0.9862771137671537
45,29,semiregular,1,856,869,13,767,89,102,0.8960280373831776,0.8826237054085155,0.9850402761795167,0.8892753623188406
45,29,irregular,1,265,247,18,174,91,73,0.6566037735849056,0.7044534412955465,1.0728744939271255,0.6796874999999999
45,29,regular,2,1094,1140,46,1089,5,51,0.9954296160877514,0.9552631578947368,0.9596491228070175,0.9749328558639212
45,29,semiregular,2,958,869,89,844,114,25,0.8810020876826722,0.9712313003452244,1.1024165707710012,0.9239189928845102
45,29,irregular,2,245,247,2,209,36,38,0.8530612244897959,0.8461538461538461,0.9919028340080972,0.8495934959349594
45,29,regular,3,1117,1140,23,1114,3,26,0.9973142345568488,0.9771929824561404,0.9798245614035088,0.9871510855117412
45,29,semiregular,3,858,869,11,791,67,78,0.921911421911422,0.9102416570771001,0.9873417721518988,0.9160393746381007
45,29,irregular,3,255,247,8,218,37,29,0.8549019607843137,0.8825910931174089,1.0323886639676114,0.8685258964143425
45,30,regular,1,987,997,10,983,4,14,0.9959473150962512,0.9859578736208626,0.9899699097291875,0.9909274193548387
45,30,semiregular,1,768,810,42,714,54,96,0.9296875,0.8814814814814815,0.9481481481481482,0.9049429657794676
45,30,irregular,1,291,250,41,167,124,83,0.5738831615120275,0.668,1.164,0.6173752310536045
45,30,regular,2,952,997,45,948,4,49,0.9957983193277311,0.950852557673019,0.954864593781344,0.9728065674704975
45,30,semiregular,2,808,810,2,761,47,49,0.9418316831683168,0.9395061728395062,0.9975308641975309,0.9406674907292953
45,30,irregular,2,218,250,32,195,23,55,0.8944954128440367,0.78,0.872,0.8333333333333334
45,30,regular,3,999,997,2,995,4,2,0.995995995995996,0.9979939819458375,1.0020060180541626,0.996993987975952
45,30,semiregular,3,785,810,25,746,39,64,0.9503184713375796,0.9209876543209876,0.9691358024691358,0.935423197492163
45,30,irregular,3,262,250,12,210,52,40,0.8015267175572519,0.84,1.048,0.8203125
60,1,regular,1,965,937,28,937,28,0,0.9709844559585492,1.0,1.0298826040554963,0.9852786540483701
60,1,semiregular,1,733,703,30,636,97,67,0.8676671214188267,0.9046941678520626,1.042674253200569,0.8857938718662952
60,1,irregular,1,208,199,9,156,52,43,0.75,0.7839195979899497,1.0452261306532664,0.7665847665847667
60,1,regular,2,940,937,3,886,54,51,0.9425531914893617,0.9455709711846318,1.0032017075773747,0.9440596696856686
60,1,semiregular,2,708,703,5,636,72,67,0.8983050847457628,0.9046941678520626,1.0071123755334281,0.9014883061658399
60,1,irregular,2,200,199,1,177,23,22,0.885,0.8894472361809045,1.0050251256281406,0.8872180451127819
60,1,regular,3,939,937,2,934,5,3,0.9946751863684771,0.9967982924226254,1.0021344717182497,0.9957356076759062
60,1,semiregular,3,735,703,32,660,75,43,0.8979591836734694,0.9388335704125178,1.0455192034139402,0.9179415855354659
60,1,irregular,3,190,199,9,162,28,37,0.8526315789473684,0.8140703517587939,0.9547738693467337,0.832904884318766
60,2,regular,1,1126,1224,98,1116,10,108,0.9911190053285968,0.9117647058823529,0.9199346405228758,0.9497872340425532
60,2,semiregular,1,572,647,75,545,27,102,0.9527972027972028,0.8423493044822257,0.884080370942813,0.8941755537325677
60,2,irregular,1,207,217,10,135,72,82,0.6521739130434783,0.6221198156682027,0.9539170506912442,0.6367924528301887
60,2,regular,2,1171,1224,53,1156,15,68,0.9871904355251921,0.9444444444444444,0.9566993464052288,0.9653444676409186
60,2,semiregular,2,620,647,27,592,28,55,0.9548387096774194,0.9149922720247295,0.9582689335394127,0.9344909234411998
60,2,irregular,2,224,217,7,187,37,30,0.8348214285714286,0.8617511520737328,1.032258064516129,0.8480725623582767
60,2,regular,3,1227,1224,3,1216,11,8,0.9910350448247759,0.9934640522875817,1.0024509803921569,0.9922480620155038
60,2,semiregular,3,659,647,12,620,39,27,0.9408194233687405,0.9582689335394127,1.01854714064915,0.9494640122511485
60,2,irregular,3,214,217,3,188,26,29,0.8785046728971962,0.8663594470046083,0.9861751152073732,0.8723897911832946
60,3,regular,1,1019,1053,34,1015,4,38,0.9960745829244357,0.9639126305792972,0.9677113010446344,0.9797297297297297
60,3,semiregular,1,695,716,21,641,54,75,0.9223021582733812,0.8952513966480447,0.9706703910614525,0.9085754783841247
60,3,irregular,1,240,224,16,167,73,57,0.6958333333333333,0.7455357142857143,1.0714285714285714,0.7198275862068965
60,3,regular,2,996,1053,57,991,5,62,0.9949799196787149,0.9411206077872745,0.9458689458689459,0.96730112249878
60,3,semiregular,2,709,716,7,661,48,55,0.9322990126939351,0.9231843575418994,0.9902234636871509,0.927719298245614
60,3,irregular,2,222,224,2,192,30,32,0.8648648648648649,0.8571428571428571,0.9910714285714286,0.8609865470852017
60,3,regular,3,1046,1053,7,1046,0,7,1.0,0.99335232668566,0.99335232668566,0.9966650786088613
60,3,semiregular,3,712,716,4,665,47,51,0.9339887640449438,0.9287709497206704,0.994413407821229,0.9313725490196079
60,3,irregular,3,219,224,5,189,30,35,0.863013698630137,0.84375,0.9776785714285714,0.8532731376975169
60,4,regular,1,1117,1101,16,1091,26,10,0.9767233661593554,0.9909173478655767,1.0145322434150772,0.9837691614066726
60,4,semiregular,1,604,614,10,516,88,98,0.8543046357615894,0.8403908794788274,0.9837133550488599,0.8472906403940887
60,4,irregular,1,247,228,19,170,77,58,0.6882591093117408,0.7456140350877193,1.0833333333333333,0.7157894736842104
60,4,regular,2,1094,1101,7,1092,2,9,0.9981718464351006,0.9918256130790191,0.9936421435059037,0.99498861047836
60,4,semiregular,2,605,614,9,555,50,59,0.9173553719008265,0.9039087947882736,0.9853420195439739,0.9105824446267432
60,4,irregular,2,236,228,8,196,40,32,0.8305084745762712,0.8596491228070176,1.0350877192982457,0.8448275862068966
60,4,regular,3,1108,1101,7,1099,9,2,0.9918772563176895,0.9981834695731153,1.0063578564940963,0.9950203712086916
60,4,semiregular,3,602,614,12,560,42,54,0.9302325581395349,0.9120521172638436,0.9804560260586319,0.9210526315789473
60,4,irregular,3,214,228,14,182,32,46,0.8504672897196262,0.7982456140350878,0.9385964912280702,0.823529411764706
60,5,regular,1,1036,1044,8,1032,4,12,0.9961389961389961,0.9885057471264368,0.9923371647509579,0.9923076923076923
60,5,semiregular,1,741,668,73,646,95,22,0.8717948717948718,0.9670658682634731,1.1092814371257484,0.9169623846699787
60,5,irregular,1,241,217,24,174,67,43,0.7219917012448133,0.8018433179723502,1.1105990783410138,0.7598253275109169
60,5,regular,2,1020,1044,24,1017,3,27,0.9970588235294118,0.9741379310344828,0.9770114942528736,0.9854651162790699
60,5,semiregular,2,727,668,59,644,83,24,0.8858321870701513,0.9640718562874252,1.0883233532934131,0.9232974910394265
60,5,irregular,2,222,217,5,190,32,27,0.8558558558558559,0.8755760368663594,1.023041474654378,0.8656036446469249
60,5,regular,3,1045,1044,1,1043,2,1,0.9980861244019139,0.9990421455938697,1.0009578544061302,0.9985639061752035
60,5,semiregular,3,697,668,29,637,60,31,0.9139167862266858,0.9535928143712575,1.0434131736526946,0.9333333333333333
60,5,irregular,3,210,217,7,179,31,38,0.8523809523809524,0.8248847926267281,0.967741935483871,0.8384074941451991
60,6,regular,1,957,915,42,913,44,2,0.9540229885057471,0.9978142076502732,1.0459016393442624,0.9754273504273504
60,6,semiregular,1,702,701,1,652,50,49,0.9287749287749287,0.9300998573466477,1.0014265335235377,0.9294369208838203
60,6,irregular,1,192,195,3,116,76,79,0.6041666666666666,0.5948717948717949,0.9846153846153847,0.599483204134367
60,6,regular,2,931,915,16,897,34,18,0.9634801288936627,0.980327868852459,1.0174863387978141,0.971830985915493
60,6,semiregular,2,731,701,30,668,63,33,0.9138166894664843,0.9529243937232525,1.042796005706134,0.9329608938547487
60,6,irregular,2,198,195,3,126,72,69,0.6363636363636364,0.6461538461538462,1.0153846153846153,0.6412213740458016
60,6,regular,3,911,915,4,908,3,7,0.9967069154774972,0.9923497267759562,0.9956284153005465,0.9945235487404163
60,6,semiregular,3,717,701,16,674,43,27,0.9400278940027894,0.9614835948644793,1.0228245363766049,0.9506346967559944
60,6,irregular,3,206,195,11,168,38,27,0.8155339805825242,0.8615384615384616,1.0564102564102564,0.8379052369077307
60,7,regular,1,1195,1230,35,1187,8,43,0.9933054393305439,0.9650406504065041,0.9715447154471545,0.9789690721649484
60,7,semiregular,1,707,761,54,640,67,121,0.9052333804809052,0.8409986859395532,0.9290407358738502,0.871934604904632
60,7,irregular,1,223,225,2,138,85,87,0.6188340807174888,0.6133333333333333,0.9911111111111112,0.6160714285714285
60,7,regular,2,1189,1230,41,1177,12,53,0.9899074852817493,0.9569105691056911,0.9666666666666667,0.9731293923108724
60,7,semiregular,2,737,761,24,661,76,100,0.8968792401628223,0.8685939553219448,0.9684625492772667,0.8825100133511349
60,7,irregular,2,215,225,10,188,27,37,0.8744186046511628,0.8355555555555556,0.9555555555555556,0.8545454545454546
60,7,regular,3,1233,1230,3,1226,7,4,0.9943227899432279,0.9967479674796748,1.002439024390244,0.9955339017458383
60,7,semiregular,3,762,761,1,684,78,77,0.8976377952755905,0.8988173455978975,1.0013140604467805,0.8982271831910703
60,7,irregular,3,220,225,5,195,25,30,0.8863636363636364,0.8666666666666667,0.9777777777777777,0.8764044943820225
60,8,regular,1,1017,1035,18,1011,6,24,0.9941002949852508,0.9768115942028985,0.9826086956521739,0.9853801169590642
60,8,semiregular,1,803,827,24,725,78,102,0.9028642590286425,0.8766626360338573,0.9709794437726723,0.8895705521472392
60,8,irregular,1,257,243,14,163,94,80,0.6342412451361867,0.6707818930041153,1.0576131687242798,0.652
60,8,regular,2,1042,1035,7,1030,12,5,0.9884836852207294,0.9951690821256038,1.0067632850241546,0.9918151179585941
60,8,semiregular,2,820,827,7,761,59,66,0.9280487804878049,0.9201934703748489,0.9915356711003628,0.9241044323011537
60,8,irregular,2,227,243,16,193,34,50,0.8502202643171806,0.7942386831275721,0.934156378600823,0.8212765957446809
60,8,regular,3,1040,1035,5,1031,9,4,0.9913461538461539,0.996135265700483,1.0048309178743962,0.9937349397590362
60,8,semiregular,3,858,827,31,784,74,43,0.9137529137529138,0.9480048367593712,1.037484885126965,0.9305637982195846
60,8,irregular,3,237,243,6,200,37,43,0.8438818565400844,0.823045267489712,0.9753086419753086,0.8333333333333334
60,9,regular,1,1043,1107,64,1036,7,71,0.9932885906040269,0.935862691960253,0.9421860885275519,0.9637209302325581
60,9,semiregular,1,633,701,68,601,32,100,0.9494470774091627,0.8573466476462197,0.9029957203994294,0.9010494752623689
60,9,irregular,1,257,266,9,181,76,85,0.7042801556420234,0.6804511278195489,0.9661654135338346,0.6921606118546845
60,9,regular,2,1057,1107,50,1048,9,59,0.9914853358561968,0.9467028003613369,0.95483288166215,0.9685767097966729
60,9,semiregular,2,636,701,65,606,30,95,0.9528301886792453,0.8644793152639088,0.9072753209700428,0.906507105459985
60,9,irregular,2,253,266,13,217,36,49,0.857707509881423,0.8157894736842105,0.9511278195488722,0.836223506743738
60,9,regular,3,1105,1107,2,1103,2,4,0.9981900452488688,0.996386630532972,0.998193315266486,0.9972875226039783
60,9,semiregular,3,691,701,10,664,27,37,0.9609261939218524,0.9472182596291013,0.985734664764622,0.9540229885057471
60,9,irregular,3,248,266,18,219,29,47,0.8830645161290323,0.8233082706766918,0.9323308270676691,0.8521400778210116
60,10,regular,1,1056,1014,42,997,59,17,0.9441287878787878,0.9832347140039448,1.0414201183431953,0.9632850241545894
60,10,semiregular,1,661,656,5,607,54,49,0.9183055975794251,0.9253048780487805,1.0076219512195121,0.9217919514047076
60,10,irregular,1,223,247,24,178,45,69,0.7982062780269058,0.7206477732793523,0.902834008097166,0.7574468085106384
60,10,regular,2,1032,1014,18,1003,29,11,0.9718992248062015,0.9891518737672583,1.017751479289941,0.9804496578690126
60,10,semiregular,2,658,656,2,603,55,53,0.9164133738601824,0.9192073170731707,1.0030487804878048,0.9178082191780821
60,10,irregular,2,236,247,11,205,31,42,0.8686440677966102,0.8299595141700404,0.9554655870445344,0.8488612836438922
60,10,regular,3,1029,1014,15,1013,16,1,0.9844509232264335,0.9990138067061144,1.014792899408284,0.9916789035731767
60,10,semiregular,3,677,656,21,633,44,23,0.9350073855243722,0.9649390243902439,1.0320121951219512,0.9497374343585896
60,10,irregular,3,234,247,13,206,28,41,0.8803418803418803,0.8340080971659919,0.9473684210526315,0.8565488565488565
60,11,regular,1,1068,1070,2,1061,7,9,0.9934456928838952,0.991588785046729,0.9981308411214953,0.9925163704396632
60,11,semiregular,1,715,700,15,633,82,67,0.8853146853146853,0.9042857142857142,1.0214285714285714,0.8946996466431095
60,11,irregular,1,231,239,8,171,60,68,0.7402597402597403,0.7154811715481172,0.9665271966527197,0.727659574468085
60,11,regular,2,1033,1070,37,1029,4,41,0.9961277831558567,0.9616822429906542,0.9654205607476636,0.978601997146933
60,11,semiregular,2,698,700,2,642,56,58,0.9197707736389685,0.9171428571428571,0.9971428571428571,0.9184549356223176
60,11,irregular,2,221,239,18,191,30,48,0.8642533936651584,0.799163179916318,0.9246861924686193,0.8304347826086957
60,11,regular,3,1066,1070,4,1066,0,4,1.0,0.9962616822429906,0.9962616822429906,0.99812734082397
60,11,semiregular,3,699,700,1,652,47,48,0.932761087267525,0.9314285714285714,0.9985714285714286,0.9320943531093638
60,11,irregular,3,214,239,25,190,24,49,0.8878504672897196,0.7949790794979079,0.895397489539749,0.8388520971302428
60,12,regular,1,1067,1007,60,1007,60,0,0.943767572633552,1.0,1.0595829195630586,0.9710703953712634
60,12,semiregular,1,720,641,79,610,110,31,0.8472222222222222,0.9516380655226209,1.1232449297971918,0.896399706098457
60,12,irregular,1,260,204,56,185,75,19,0.7115384615384616,0.9068627450980392,1.2745098039215685,0.7974137931034483
60,12,regular,2,1035,1007,28,1007,28,0,0.9729468599033816,1.0,1.0278053624627608,0.9862879529872673
60,12,semiregular,2,661,641,20,586,75,55,0.886535552193646,0.9141965678627145,1.031201248049922,0.9001536098310293
60,12,irregular,2,248,204,44,188,60,16,0.7580645161290323,0.9215686274509803,1.2156862745098038,0.831858407079646
60,12,regular,3,1018,1007,11,1007,11,0,0.9891944990176817,1.0,1.0109235352532273,0.994567901234568
60,12,semiregular,3,651,641,10,586,65,55,0.9001536098310292,0.9141965678627145,1.015600624024961,0.9071207430340557
60,12,irregular,3,218,204,14,181,37,23,0.8302752293577982,0.8872549019607843,1.0686274509803921,0.8578199052132701
60,13,regular,1,1049,1000,49,999,50,1,0.9523355576739753,0.999,1.049,0.9751098096632504
60,13,semiregular,1,829,815,14,765,64,50,0.9227985524728589,0.9386503067484663,1.0171779141104293,0.9306569343065694
60,13,irregular,1,291,216,75,175,116,41,0.6013745704467354,0.8101851851851852,1.3472222222222223,0.6903353057199211
60,13,regular,2,984,1000,16,978,6,22,0.9939024390243902,0.978,0.984,0.9858870967741936
60,13,semiregular,2,857,815,42,796,61,19,0.9288214702450408,0.9766871165644172,1.0515337423312883,0.9521531100478469
60,13,irregular,2,243,216,27,191,52,25,0.7860082304526749,0.8842592592592593,1.125,0.832244008714597
60,13,regular,3,1001,1000,1,998,3,2,0.997002997002997,0.998,1.001,0.9975012493753124
60,13,semiregular,3,821,815,6,778,43,37,0.9476248477466505,0.9546012269938651,1.007361963190184,0.9511002444987775
60,13,irregular,3,217,216,1,189,28,27,0.8709677419354839,0.875,1.0046296296296295,0.8729792147806004
60,14,regular,1,1011,1052,41,1010,1,42,0.9990108803165183,0.9600760456273765,0.9610266159695817,0.9791565681047019
60,14,semiregular,1,870,913,43,807,63,106,0.9275862068965517,0.8838992332968236,0.9529025191675794,0.9052159282108805
60,14,irregular,1,250,217,33,174,76,43,0.696,0.8018433179723502,1.152073732718894,0.7451820128479656
60,14,regular,2,1003,1052,49,997,6,55,0.9940179461615155,0.9477186311787072,0.9534220532319392,0.970316301703163
60,14,semiregular,2,884,913,29,829,55,84,0.9377828054298643,0.9079956188389924,0.968236582694414,0.9226488592097941
60,14,irregular,2,239,217,22,197,42,20,0.8242677824267782,0.9078341013824884,1.1013824884792627,0.8640350877192982
60,14,regular,3,1059,1052,7,1049,10,3,0.9905571293673276,0.997148288973384,1.0066539923954372,0.9938417811463761
60,14,semiregular,3,907,913,6,856,51,57,0.9437706725468578,0.9375684556407448,0.9934282584884995,0.9406593406593406
60,14,irregular,3,205,217,12,180,25,37,0.8780487804878049,0.8294930875576036,0.9447004608294931,0.8530805687203792
60,15,regular,1,987,964,23,964,23,0,0.9766970618034447,1.0,1.0238589211618256,0.9882111737570476
60,15,semiregular,1,798,774,24,732,66,42,0.9172932330827067,0.9457364341085271,1.0310077519379846,0.9312977099236641
60,15,irregular,1,224,218,6,176,48,42,0.7857142857142857,0.8073394495412844,1.0275229357798166,0.7963800904977376
60,15,regular,2,936,964,28,931,5,33,0.9946581196581197,0.9657676348547718,0.970954356846473,0.98
60,15,semiregular,2,783,774,9,723,60,51,0.9233716475095786,0.9341085271317829,1.0116279069767442,0.9287090558766858
60,15,irregular,2,202,218,16,180,22,38,0.8910891089108911,0.8256880733944955,0.926605504587156,0.8571428571428572
60,15,regular,3,967,964,3,964,3,0,0.9968976215098242,1.0,1.0031120331950207,0.9984464008285863
60,15,semiregular,3,756,774,18,729,27,45,0.9642857142857143,0.9418604651162791,0.9767441860465116,0.9529411764705882
60,15,irregular,3,208,218,10,189,19,29,0.9086538461538461,0.8669724770642202,0.9541284403669725,0.8873239436619719
60,16,regular,1,1070,1109,39,1060,10,49,0.9906542056074766,0.9558160504959423,0.9648331830477908,0.9729233593391463
60,16,semiregular,1,661,681,20,591,70,90,0.8940998487140696,0.8678414096916299,0.9706314243759178,0.8807749627421759
60,16,irregular,1,226,272,46,149,77,123,0.6592920353982301,0.5477941176470589,0.8308823529411765,0.5983935742971889
60,16,regular,2,1112,1109,3,1100,12,9,0.9892086330935251,0.9918845807033363,1.0027051397655546,0.9905447996398018
60,16,semiregular,2,647,681,34,604,43,77,0.9335394126738794,0.8869309838472834,0.9500734214390602,0.9096385542168675
60,16,irregular,2,267,272,5,220,47,52,0.8239700374531835,0.8088235294117647,0.9816176470588235,0.8163265306122449
60,16,regular,3,1112,1109,3,1107,5,2,0.9955035971223022,0.9981965734896303,1.0027051397655546,0.9968482665466006
60,16,semiregular,3,657,681,24,609,48,72,0.9269406392694064,0.8942731277533039,0.9647577092511013,0.9103139013452914
60,16,irregular,3,237,272,35,208,29,64,0.8776371308016878,0.7647058823529411,0.8713235294117647,0.8172888015717092
60,17,regular,1,1036,1029,7,1026,10,3,0.9903474903474904,0.9970845481049563,1.0068027210884354,0.9937046004842616
60,17,semiregular,1,825,837,12,750,75,87,0.9090909090909091,0.8960573476702509,0.985663082437276,0.9025270758122744
60,17,irregular,1,253,240,13,160,93,80,0.6324110671936759,0.6666666666666666,1.0541666666666667,0.6490872210953347
60,17,regular,2,1028,1029,1,1021,7,8,0.9931906614785992,0.9922254616132167,0.9990281827016521,0.9927078269324259
60,17,semiregular,2,837,837,0,779,58,58,0.9307048984468339,0.9307048984468339,1.0,0.9307048984468339
60,17,irregular,2,298,240,58,203,95,37,0.6812080536912751,0.8458333333333333,1.2416666666666667,0.7546468401486989
60,17,regular,3,1037,1029,8,1029,8,0,0.9922854387656702,1.0,1.0077745383867833,0.9961277831558567
60,17,semiregular,3,848,837,11,802,46,35,0.9457547169811321,0.9581839904420549,1.013142174432497,0.9519287833827893
60,17,irregular,3,237,240,3,194,43,46,0.8185654008438819,0.8083333333333333,0.9875,0.8134171907756813
60,18,regular,1,1081,1044,37,1043,38,1,0.9648473635522664,0.9990421455938697,1.03544061302682,0.9816470588235294
60,18,semiregular,1,782,801,19,737,45,64,0.9424552429667519,0.920099875156055,0.9762796504369539,0.9311433986102338
60,18,irregular,1,276,252,24,195,81,57,0.7065217391304348,0.7738095238095238,1.0952380952380953,0.7386363636363635
60,18,regular,2,1049,1044,5,1041,8,3,0.9923736892278361,0.9971264367816092,1.0047892720306513,0.9947443860487339
60,18,semiregular,2,812,801,11,766,46,35,0.9433497536945813,0.9563046192259675,1.013732833957553,0.9497830130192187
60,18,irregular,2,258,252,6,215,43,37,0.8333333333333334,0.8531746031746031,1.0238095238095237,0.8431372549019607
60,18,regular,3,1055,1044,11,1042,13,2,0.9876777251184834,0.9980842911877394,1.010536398467433,0.9928537398761315
60,18,semiregular,3,815,801,14,770,45,31,0.9447852760736196,0.9612983770287141,1.017478152309613,0.952970297029703
60,18,irregular,3,245,252,7,217,28,35,0.8857142857142857,0.8611111111111112,0.9722222222222222,0.8732394366197184
60,19,regular,1,1067,1076,9,1056,11,20,0.9896907216494846,0.9814126394052045,0.991635687732342,0.9855342977134858
60,19,semiregular,1,745,753,8,700,45,53,0.9395973154362416,0.9296148738379814,0.9893758300132802,0.9345794392523363
60,19,irregular,1,282,245,37,198,84,47,0.7021276595744681,0.8081632653061225,1.1510204081632653,0.7514231499051234
60,19,regular,2,1073,1076,3,1068,5,8,0.9953401677539608,0.9925650557620818,0.9972118959107806,0.9939506747324336
60,19,semiregular,2,711,753,42,677,34,76,0.9521800281293952,0.899070385126162,0.9442231075697212,0.924863387978142
60,19,irregular,2,263,245,18,211,52,34,0.8022813688212928,0.8612244897959184,1.073469387755102,0.8307086614173228
60,19,regular,3,1073,1076,3,1070,3,6,0.9972041006523765,0.9944237918215614,0.9972118959107806,0.9958120055839926
60,19,semiregular,3,720,753,33,687,33,66,0.9541666666666667,0.9123505976095617,0.9561752988047809,0.9327902240325865
60,19,irregular,3,230,245,15,199,31,46,0.8652173913043478,0.8122448979591836,0.9387755102040817,0.8378947368421051
60,20,regular,1,1154,1251,97,1150,4,101,0.9965337954939342,0.9192645883293366,0.9224620303756994,0.9563409563409565
60,20,semiregular,1,883,841,42,771,112,70,0.8731596828992072,0.9167657550535078,1.0499405469678953,0.894431554524362
60,20,irregular,1,318,252,66,187,131,65,0.5880503144654088,0.7420634920634921,1.2619047619047619,0.656140350877193
60,20,regular,2,1213,1251,38,1202,11,49,0.9909315746084089,0.9608313349320543,0.9696243005595524,0.9756493506493507
60,20,semiregular,2,771,841,70,699,72,142,0.9066147859922179,0.83115338882283,0.9167657550535078,0.8672456575682382
60,20,irregular,2,245,252,7,212,33,40,0.8653061224489796,0.8412698412698413,0.9722222222222222,0.8531187122736418
60,20,regular,3,1228,1251,23,1226,2,25,0.998371335504886,0.9800159872102319,0.9816147082334132,0.9891085114965712
60,20,semiregular,3,843,841,2,767,76,74,0.9098457888493475,0.9120095124851367,1.0023781212841856,0.9109263657957244
60,20,irregular,3,244,252,8,204,40,48,0.8360655737704918,0.8095238095238095,0.9682539682539683,0.8225806451612904
60,21,regular,1,935,920,15,917,18,3,0.9807486631016042,0.9967391304347826,1.016304347826087,0.9886792452830189
60,21,semiregular,1,597,549,48,495,102,54,0.8291457286432161,0.9016393442622951,1.0874316939890711,0.8638743455497383
60,21,irregular,1,251,204,47,183,68,21,0.7290836653386454,0.8970588235294118,1.2303921568627452,0.8043956043956043
60,21,regular,2,892,920,28,886,6,34,0.9932735426008968,0.9630434782608696,0.9695652173913043,0.977924944812362
60,21,semiregular,2,586,549,37,514,72,35,0.8771331058020477,0.936247723132969,1.0673952641165756,0.905726872246696
60,21,irregular,2,208,204,4,176,32,28,0.8461538461538461,0.8627450980392157,1.0196078431372548,0.854368932038835
60,21,regular,3,915,920,5,914,1,6,0.9989071038251366,0.9934782608695653,0.9945652173913043,0.9961852861035422
60,21,semiregular,3,602,549,53,514,88,35,0.8538205980066446,0.936247723132969,1.0965391621129326,0.893136403127715
60,21,irregular,3,202,204,2,179,23,25,0.8861386138613861,0.8774509803921569,0.9901960784313726,0.8817733990147785
60,22,regular,1,999,946,53,945,54,1,0.9459459459459459,0.9989429175475687,1.0560253699788584,0.9717223650385605
60,22,semiregular,1,721,703,18,646,75,57,0.8959778085991679,0.918918918918919,1.0256045519203414,0.907303370786517
60,22,irregular,1,217,247,30,172,45,75,0.7926267281105991,0.6963562753036437,0.8785425101214575,0.7413793103448276
60,22,regular,2,951,946,5,929,22,17,0.9768664563617245,0.9820295983086681,1.0052854122621564,0.9794412229836584
60,22,semiregular,2,699,703,4,639,60,64,0.9141630901287554,0.9089615931721194,0.9943100995732574,0.9115549215406561
60,22,irregular,2,231,247,16,187,44,60,0.8095238095238095,0.757085020242915,0.9352226720647774,0.7824267782426778
60,22,regular,3,946,946,0,942,4,4,0.9957716701902748,0.9957716701902748,1.0,0.9957716701902748
60,22,semiregular,3,708,703,5,652,56,51,0.9209039548022598,0.9274537695590327,1.0071123755334281,0.9241672572643516
60,22,irregular,3,240,247,7,203,37,44,0.8458333333333333,0.8218623481781376,0.97165991902834,0.8336755646817249
60,23,regular,1,955,999,44,946,9,53,0.9905759162303664,0.9469469469469469,0.955955955955956,0.9682702149437052
60,23,semiregular,1,803,835,32,733,70,102,0.912826899128269,0.8778443113772455,0.9616766467065868,0.894993894993895
60,23,irregular,1,248,266,18,157,91,109,0.6330645161290323,0.5902255639097744,0.9323308270676691,0.6108949416342413
60,23,regular,2,993,999,6,981,12,18,0.9879154078549849,0.9819819819819819,0.993993993993994,0.9849397590361446
60,23,semiregular,2,779,835,56,729,50,106,0.9358151476251605,0.8730538922155688,0.932934131736527,0.9033457249070631
60,23,irregular,2,238,266,28,211,27,55,0.8865546218487395,0.793233082706767,0.8947368421052632,0.8373015873015872
60,23,regular,3,1009,999,10,999,10,0,0.9900891972249752,1.0,1.01001001001001,0.9950199203187251
60,23,semiregular,3,882,835,47,808,74,27,0.9160997732426304,0.9676646706586827,1.0562874251497005,0.9411764705882354
60,23,irregular,3,261,266,5,211,50,55,0.8084291187739464,0.793233082706767,0.981203007518797,0.8007590132827325
60,24,regular,1,1069,1079,10,1059,10,20,0.990645463049579,0.9814643188137164,0.9907321594068582,0.9860335195530725
60,24,semiregular,1,648,680,32,593,55,87,0.9151234567901234,0.8720588235294118,0.9529411764705882,0.8930722891566265
60,24,irregular,1,203,247,44,155,48,92,0.7635467980295566,0.6275303643724697,0.8218623481781376,0.688888888888889
60,24,regular,2,1062,1079,17,1049,13,30,0.987758945386064,0.9721964782205746,0.9842446709916589,0.9799159271368519
60,24,semiregular,2,624,680,56,601,23,79,0.9631410256410257,0.8838235294117647,0.9176470588235294,0.9217791411042945
60,24,irregular,2,228,247,19,209,19,38,0.9166666666666666,0.8461538461538461,0.9230769230769231,0.8799999999999999
60,24,regular,3,1080,1079,1,1077,3,2,0.9972222222222222,0.9981464318813716,1.0009267840593141,0.9976841130152848
60,24,semiregular,3,680,680,0,652,28,28,0.9588235294117647,0.9588235294117647,1.0,0.9588235294117647
60,24,irregular,3,225,247,22,213,12,34,0.9466666666666667,0.8623481781376519,0.9109311740890689,0.902542372881356
60,25,regular,1,933,946,13,929,4,17,0.9957127545551983,0.9820295983086681,0.9862579281183932,0.9888238424693987
60,25,semiregular,1,697,718,21,636,61,82,0.9124820659971306,0.8857938718662952,0.9707520891364902,0.8989399293286219
60,25,irregular,1,251,207,44,148,103,59,0.5896414342629482,0.714975845410628,1.21256038647343,0.646288209606987
60,25,regular,2,915,946,31,909,6,37,0.9934426229508196,0.9608879492600423,0.96723044397463,0.9768941429339065
60,25,semiregular,2,692,718,26,648,44,70,0.9364161849710982,0.9025069637883009,0.9637883008356546,0.9191489361702128
60,25,irregular,2,219,207,12,155,64,52,0.7077625570776256,0.748792270531401,1.0579710144927537,0.727699530516432
60,25,regular,3,851,946,95,850,1,96,0.9988249118683902,0.8985200845665962,0.8995771670190275,0.9460211463550361
60,25,semiregular,3,647,718,71,607,40,111,0.9381761978361669,0.8454038997214485,0.9011142061281338,0.8893772893772893
60,25,irregular,3,181,207,26,137,44,70,0.7569060773480663,0.6618357487922706,0.8743961352657005,0.7061855670103093
60,26,regular,1,1167,985,182,984,183,1,0.8431876606683805,0.9989847715736041,1.184771573604061,0.9144981412639406
60,26,semiregular,1,755,720,35,664,91,56,0.8794701986754967,0.9222222222222223,1.0486111111111112,0.9003389830508476
60,26,irregular,1,320,214,106,187,133,27,0.584375,0.8738317757009346,1.4953271028037383,0.700374531835206
60,26,regular,2,1008,985,23,972,36,13,0.9642857142857143,0.9868020304568528,1.0233502538071066,0.9754139488208731
60,26,semiregular,2,664,720,56,616,48,104,0.927710843373494,0.8555555555555555,0.9222222222222223,0.8901734104046242
60,26,irregular,2,254,214,40,156,98,58,0.6141732283464567,0.7289719626168224,1.1869158878504673,0.6666666666666666
60,26,regular,3,1150,985,165,984,166,1,0.8556521739130435,0.9989847715736041,1.16751269035533,0.9217798594847775
60,26,semiregular,3,732,720,12,669,63,51,0.9139344262295082,0.9291666666666667,1.0166666666666666,0.921487603305785
60,26,irregular,3,241,214,27,185,56,29,0.7676348547717843,0.8644859813084113,1.1261682242990654,0.8131868131868132
60,27,regular,1,1081,1166,85,1076,5,90,0.9953746530989824,0.9228130360205832,0.9271012006861064,0.9577214063195372
60,27,semiregular,1,539,728,189,491,48,237,0.9109461966604824,0.6744505494505495,0.7403846153846154,0.7750591949486977
60,27,irregular,1,250,270,20,185,65,85,0.74,0.6851851851851852,0.9259259259259259,0.7115384615384615
60,27,regular,2,1104,1166,62,1095,9,71,0.9918478260869565,0.9391080617495712,0.9468267581475128,0.9647577092511013
60,27,semiregular,2,710,728,18,663,47,65,0.9338028169014084,0.9107142857142857,0.9752747252747253,0.9221140472878998
60,27,irregular,2,267,270,3,231,36,39,0.8651685393258427,0.8555555555555555,0.9888888888888889,0.8603351955307262
60,27,regular,3,1172,1166,6,1165,7,1,0.9940273037542662,0.9991423670668954,1.0051457975986278,0.9965782720273738
60,27,semiregular,3,712,728,16,664,48,64,0.9325842696629213,0.9120879120879121,0.978021978021978,0.9222222222222223
60,27,irregular,3,250,270,20,223,27,47,0.892,0.825925925925926,0.9259259259259259,0.8576923076923079
60,28,regular,1,1092,1098,6,1079,13,19,0.9880952380952381,0.982695810564663,0.994535519125683,0.9853881278538814
60,28,semiregular,1,836,859,23,768,68,91,0.9186602870813397,0.8940628637951106,0.9732246798603027,0.9061946902654867
60,28,irregular,1,326,293,33,159,167,134,0.48773006134969327,0.5426621160409556,1.1126279863481228,0.5137318255250404
60,28,regular,2,1091,1098,7,1073,18,25,0.9835013748854262,0.9772313296903461,0.9936247723132969,0.9803563270899954
60,28,semiregular,2,779,859,80,729,50,130,0.9358151476251605,0.8486612339930152,0.9068684516880093,0.8901098901098902
60,28,irregular,2,291,293,2,219,72,74,0.7525773195876289,0.7474402730375427,0.9931740614334471,0.75
60,28,regular,3,1104,1098,6,1093,11,5,0.990036231884058,0.9954462659380692,1.005464480874317,0.9927338782924613
60,28,semiregular,3,803,859,56,767,36,92,0.9551681195516812,0.8928987194412107,0.9348079161816065,0.9229843561973526
60,28,irregular,3,264,293,29,200,64,93,0.7575757575757576,0.6825938566552902,0.9010238907849829,0.7181328545780968
60,29,regular,1,1113,1140,27,1108,5,32,0.995507637017071,0.9719298245614035,0.9763157894736842,0.9835774522858413
60,29,semiregular,1,931,869,62,811,120,58,0.8711063372717508,0.9332566168009206,1.0713463751438435,0.9011111111111112
60,29,irregular,1,238,247,9,180,58,67,0.7563025210084033,0.728744939271255,0.9635627530364372,0.7422680412371134
60,29,regular,2,1089,1140,51,1082,7,58,0.9935720844811754,0.9491228070175438,0.9552631578947368,0.9708389412292507
60,29,semiregular,2,927,869,58,832,95,37,0.8975188781014024,0.9574223245109321,1.0667433831990794,0.9265033407572383
60,29,irregular,2,270,247,23,222,48,25,0.8222222222222222,0.8987854251012146,1.0931174089068827,0.8588007736943907
60,29,regular,3,1108,1140,32,1107,1,33,0.9990974729241877,0.9710526315789474,0.9719298245614035,0.9848754448398577
60,29,semiregular,3,910,869,41,804,106,65,0.8835164835164835,0.9252013808975834,1.047180667433832,0.9038785834738617
60,29,irregular,3,235,247,12,203,32,44,0.8638297872340426,0.8218623481781376,0.951417004048583,0.8423236514522823
60,30,regular,1,994,997,3,983,11,14,0.9889336016096579,0.9859578736208626,0.9969909729187563,0.9874434957307885
60,30,semiregular,1,799,810,11,737,62,73,0.9224030037546934,0.9098765432098765,0.9864197530864197,0.9160969546302051
60,30,irregular,1,278,250,28,179,99,71,0.6438848920863309,0.716,1.112,0.678030303030303
60,30,regular,2,941,997,56,938,3,59,0.9968119022316685,0.9408224674022067,0.9438314944834504,0.9680082559339526
60,30,semiregular,2,809,810,1,753,56,57,0.930778739184178,0.9296296296296296,0.9987654320987654,0.9302038295243977
60,30,irregular,2,232,250,18,200,32,50,0.8620689655172413,0.8,0.928,0.8298755186721992
60,30,regular,3,995,997,2,994,1,3,0.9989949748743718,0.9969909729187563,0.9979939819458375,0.9979919678714859
60,30,semiregular,3,817,810,7,771,46,39,0.9436964504283966,0.9518518518518518,1.008641975308642,0.9477566072526122
60,30,irregular,3,252,250,2,200,52,50,0.7936507936507936,0.8,1.008,0.7968127490039839
75,1,regular,1,954,937,17,936,18,1,0.9811320754716981,0.9989327641408752,1.0181430096051227,0.9899524061343205
75,1,semiregular,1,697,703,6,606,91,97,0.8694404591104734,0.8620199146514936,0.9914651493598862,0.8657142857142858
75,1,irregular,1,201,199,2,155,46,44,0.7711442786069652,0.7788944723618091,1.0100502512562815,0.775
75,1,regular,2,938,937,1,913,25,24,0.9733475479744137,0.9743863393810032,1.0010672358591248,0.9738666666666668
75,1,semiregular,2,747,703,44,642,105,61,0.8594377510040161,0.9132290184921764,1.062588904694168,0.8855172413793103
75,1,irregular,2,201,199,2,173,28,26,0.8606965174129353,0.8693467336683417,1.0100502512562815,0.865
75,1,regular,3,941,937,4,933,8,4,0.9914984059511158,0.9957310565635006,1.0042689434364995,0.9936102236421724
75,1,semiregular,3,745,703,42,651,94,52,0.8738255033557047,0.9260312944523471,1.0597439544807965,0.8991712707182321
75,1,irregular,3,196,199,3,164,32,35,0.8367346938775511,0.8241206030150754,0.9849246231155779,0.830379746835443
75,2,regular,1,1143,1224,81,1135,8,89,0.9930008748906387,0.9272875816993464,0.9338235294117647,0.9590198563582595
75,2,semiregular,1,564,647,83,532,32,115,0.9432624113475178,0.8222565687789799,0.8717156105100463,0.8786127167630058
75,2,irregular,1,223,217,6,140,83,77,0.6278026905829597,0.6451612903225806,1.0276497695852536,0.6363636363636364
75,2,regular,2,1183,1224,41,1173,10,51,0.9915469146238377,0.9583333333333334,0.9665032679738562,0.9746572496884088
75,2,semiregular,2,633,647,14,600,33,47,0.9478672985781991,0.9273570324574961,0.9783616692426584,0.9375000000000001
75,2,irregular,2,220,217,3,179,41,38,0.8136363636363636,0.8248847926267281,1.0138248847926268,0.8192219679633868
75,2,regular,3,1220,1224,4,1211,9,13,0.9926229508196721,0.9893790849673203,0.9967320261437909,0.9909983633387889
75,2,semiregular,3,648,647,1,610,38,37,0.941358024691358,0.9428129829984544,1.001545595054096,0.9420849420849421
75,2,irregular,3,228,217,11,189,39,28,0.8289473684210527,0.8709677419354839,1.0506912442396312,0.8494382022471909
75,3,regular,1,1015,1053,38,1010,5,43,0.9950738916256158,0.9591642924976258,0.9639126305792972,0.9767891682785299
75,3,semiregular,1,685,716,31,633,52,83,0.9240875912408759,0.8840782122905028,0.9567039106145251,0.9036402569593148
75,3,irregular,1,226,224,2,171,55,53,0.7566371681415929,0.7633928571428571,1.0089285714285714,0.76
75,3,regular,2,1022,1053,31,1015,7,38,0.9931506849315068,0.9639126305792972,0.9705603038936372,0.9783132530120483
75,3,semiregular,2,727,716,11,666,61,50,0.9160935350756534,0.9301675977653632,1.01536312849162,0.9230769230769231
75,3,irregular,2,218,224,6,183,35,41,0.8394495412844036,0.8169642857142857,0.9732142857142857,0.828054298642534
75,3,regular,3,1049,1053,4,1046,3,7,0.9971401334604385,0.99335232668566,0.9962013295346629,0.9952426260704091
75,3,semiregular,3,721,716,5,674,47,42,0.9348127600554785,0.9413407821229051,1.0069832402234637,0.9380654140570635
75,3,irregular,3,222,224,2,185,37,39,0.8333333333333334,0.8258928571428571,0.9910714285714286,0.8295964125560538
75,4,regular,1,1134,1101,33,1096,38,5,0.9664902998236331,0.9954586739327884,1.0299727520435968,0.9807606263982103
75,4,semiregular,1,615,614,1,520,95,94,0.8455284552845529,0.8469055374592834,1.001628664495114,0.8462164361269325
75,4,irregular,1,253,228,25,174,79,54,0.6877470355731226,0.7631578947368421,1.1096491228070176,0.7234927234927235
75,4,regular,2,1077,1101,24,1075,2,26,0.9981429897864438,0.9763851044504995,0.9782016348773842,0.9871441689623507
75,4,semiregular,2,603,614,11,555,48,59,0.9203980099502488,0.9039087947882736,0.9820846905537459,0.9120788824979457
75,4,irregular,2,239,228,11,194,45,34,0.8117154811715481,0.8508771929824561,1.0482456140350878,0.8308351177730192
75,4,regular,3,1095,1101,6,1092,3,9,0.9972602739726028,0.9918256130790191,0.9945504087193461,0.9945355191256832
75,4,semiregular,3,609,614,5,555,54,59,0.9113300492610837,0.9039087947882736,0.99185667752443,0.9076042518397383
75,4,irregular,3,233,228,5,190,43,38,0.8154506437768241,0.8333333333333334,1.0219298245614035,0.824295010845987
75,5,regular,1,1042,1044,2,1036,6,8,0.9942418426103646,0.9923371647509579,0.9980842911877394,0.9932885906040269
75,5,semiregular,1,694,668,26,604,90,64,0.8703170028818443,0.9041916167664671,1.0389221556886228,0.8869309838472834
75,5,irregular,1,241,217,24,173,68,44,0.7178423236514523,0.7972350230414746,1.1105990783410138,0.7554585152838427
75,5,regular,2,1030,1044,14,1026,4,18,0.996116504854369,0.9827586206896551,0.9865900383141762,0.9893924783027966
75,5,semiregular,2,711,668,43,633,78,35,0.890295358649789,0.9476047904191617,1.06437125748503,0.9180565627266134
75,5,irregular,2,217,217,0,177,40,40,0.815668202764977,0.815668202764977,1.0,0.815668202764977
75,5,regular,3,1044,1044,0,1043,1,1,0.9990421455938697,0.9990421455938697,1.0,0.9990421455938697
75,5,semiregular,3,699,668,31,628,71,40,0.8984263233190272,0.9401197604790419,1.0464071856287425,0.9188002926115582
75,5,irregular,3,223,217,6,184,39,33,0.8251121076233184,0.847926267281106,1.0276497695852536,0.8363636363636364
75,6,regular,1,980,915,65,914,66,1,0.9326530612244898,0.9989071038251366,1.0710382513661203,0.9646437994722955
75,6,semiregular,1,694,701,7,640,54,61,0.9221902017291066,0.912981455064194,0.9900142653352354,0.9175627240143369
75,6,irregular,1,205,195,10,124,81,71,0.6048780487804878,0.6358974358974359,1.0512820512820513,0.62
75,6,regular,2,925,915,10,907,18,8,0.9805405405405405,0.9912568306010929,1.010928961748634,0.9858695652173913
75,6,semiregular,2,715,701,14,665,50,36,0.9300699300699301,0.948644793152639,1.0199714693295292,0.9392655367231639
75,6,irregular,2,200,195,5,127,73,68,0.635,0.6512820512820513,1.0256410256410255,0.6430379746835443
75,6,regular,3,916,915,1,911,5,4,0.9945414847161572,0.9956284153005465,1.0010928961748633,0.9950846531949754
75,6,semiregular,3,715,701,14,672,43,29,0.9398601398601398,0.9586305278174037,1.0199714693295292,0.9491525423728813
75,6,irregular,3,204,195,9,171,33,24,0.8382352941176471,0.8769230769230769,1.0461538461538462,0.8571428571428571
75,7,regular,1,1250,1230,20,1222,28,8,0.9776,0.9934959349593496,1.016260162601626,0.985483870967742
75,7,semiregular,1,771,761,10,684,87,77,0.8871595330739299,0.8988173455978975,1.0131406044678055,0.8929503916449085
75,7,irregular,1,244,225,19,161,83,64,0.6598360655737705,0.7155555555555555,1.0844444444444445,0.6865671641791045
75,7,regular,2,1225,1230,5,1211,14,19,0.9885714285714285,0.9845528455284552,0.9959349593495935,0.9865580448065172
75,7,semiregular,2,734,761,27,665,69,96,0.9059945504087193,0.873850197109067,0.9645203679369251,0.8896321070234114
75,7,irregular,2,223,225,2,185,38,40,0.8295964125560538,0.8222222222222222,0.9911111111111112,0.8258928571428571
75,7,regular,3,1228,1230,2,1222,6,8,0.995114006514658,0.9934959349593496,0.9983739837398374,0.9943043124491457
75,7,semiregular,3,754,761,7,679,75,82,0.9005305039787799,0.8922470433639947,0.9908015768725361,0.8963696369636963
75,7,irregular,3,227,225,2,197,30,28,0.8678414096916299,0.8755555555555555,1.008888888888889,0.8716814159292035
75,8,regular,1,1025,1035,10,1012,13,23,0.9873170731707317,0.9777777777777777,0.9903381642512077,0.9825242718446601
75,8,semiregular,1,820,827,7,740,80,87,0.9024390243902439,0.8948004836759371,0.9915356711003628,0.8986035215543413
75,8,irregular,1,248,243,5,162,86,81,0.6532258064516129,0.6666666666666666,1.0205761316872428,0.6598778004073319
75,8,regular,2,1025,1035,10,1016,9,19,0.9912195121951219,0.9816425120772947,0.9903381642512077,0.9864077669902913
75,8,semiregular,2,815,827,12,754,61,73,0.9251533742331288,0.9117291414752116,0.9854897218863361,0.9183922046285018
75,8,irregular,2,218,243,25,183,35,60,0.8394495412844036,0.7530864197530864,0.897119341563786,0.7939262472885033
75,8,regular,3,1032,1035,3,1029,3,6,0.997093023255814,0.9942028985507246,0.9971014492753624,0.9956458635703919
75,8,semiregular,3,848,827,21,777,71,50,0.9162735849056604,0.939540507859734,1.0253929866989118,0.9277611940298507
75,8,irregular,3,248,243,5,195,53,48,0.7862903225806451,0.8024691358024691,1.0205761316872428,0.7942973523421589
75,9,regular,1,1094,1107,13,1088,6,19,0.9945155393053017,0.982836495031617,0.988256549232159,0.9886415265788278
75,9,semiregular,1,633,701,68,602,31,99,0.9510268562401264,0.8587731811697575,0.9029957203994294,0.9025487256371815
75,9,irregular,1,237,266,29,183,54,83,0.7721518987341772,0.6879699248120301,0.8909774436090225,0.727634194831014
75,9,regular,2,1086,1107,21,1077,9,30,0.9917127071823204,0.9728997289972899,0.981029810298103,0.9822161422708617
75,9,semiregular,2,644,701,57,613,31,88,0.9518633540372671,0.8744650499286734,0.9186875891583453,0.9115241635687733
75,9,irregular,2,251,266,15,212,39,54,0.8446215139442231,0.7969924812030075,0.943609022556391,0.8201160541586073
75,9,regular,3,1088,1107,19,1085,3,22,0.9972426470588235,0.980126467931346,0.982836495031617,0.9886104783599089
75,9,semiregular,3,702,701,1,669,33,32,0.9529914529914529,0.9543509272467903,1.0014265335235377,0.953670705630791
75,9,irregular,3,261,266,5,223,38,43,0.8544061302681992,0.8383458646616542,0.981203007518797,0.8462998102466793
75,10,regular,1,1060,1014,46,1003,57,11,0.9462264150943396,0.9891518737672583,1.0453648915187377,0.9672131147540983
75,10,semiregular,1,649,656,7,601,48,55,0.926040061633282,0.9161585365853658,0.989329268292683,0.921072796934866
75,10,irregular,1,244,247,3,197,47,50,0.8073770491803278,0.7975708502024291,0.9878542510121457,0.8024439918533606
75,10,regular,2,1018,1014,4,997,21,17,0.9793713163064833,0.9832347140039448,1.0039447731755424,0.9812992125984252
75,10,semiregular,2,695,656,39,623,72,33,0.8964028776978418,0.9496951219512195,1.0594512195121952,0.922279792746114
75,10,irregular,2,251,247,4,214,37,33,0.852589641434263,0.8663967611336032,1.0161943319838056,0.859437751004016
75,10,regular,3,1026,1014,12,1012,14,2,0.98635477582846,0.9980276134122288,1.0118343195266273,0.992156862745098
75,10,semiregular,3,686,656,30,633,53,23,0.922740524781341,0.9649390243902439,1.045731707317073,0.9433681073025335
75,10,irregular,3,241,247,6,209,32,38,0.8672199170124482,0.8461538461538461,0.9757085020242915,0.8565573770491803
75,11,regular,1,1063,1070,7,1059,4,11,0.9962370649106302,0.9897196261682243,0.9934579439252337,0.9929676511954993
75,11,semiregular,1,717,700,17,631,86,69,0.8800557880055788,0.9014285714285715,1.0242857142857142,0.8906139731827805
75,11,irregular,1,225,239,14,167,58,72,0.7422222222222222,0.698744769874477,0.9414225941422594,0.7198275862068965
75,11,regular,2,1040,1070,30,1036,4,34,0.9961538461538462,0.9682242990654205,0.9719626168224299,0.9819905213270141
75,11,semiregular,2,696,700,4,643,53,57,0.9238505747126436,0.9185714285714286,0.9942857142857143,0.9212034383954155
75,11,irregular,2,216,239,23,182,34,57,0.8425925925925926,0.7615062761506276,0.9037656903765691,0.8
75,11,regular,3,1048,1070,22,1047,1,23,0.9990458015267175,0.9785046728971962,0.9794392523364486,0.9886685552407931
75,11,semiregular,3,705,700,5,651,54,49,0.9234042553191489,0.93,1.0071428571428571,0.9266903914590747
75,11,irregular,3,229,239,10,193,36,46,0.8427947598253275,0.8075313807531381,0.9581589958158996,0.8247863247863249
75,12,regular,1,1063,1007,56,1007,56,0,0.9473189087488241,1.0,1.0556107249255213,0.9729468599033816
75,12,semiregular,1,688,641,47,589,99,52,0.8561046511627907,0.9188767550702028,1.0733229329173166,0.8863807373965388
75,12,irregular,1,263,204,59,190,73,14,0.7224334600760456,0.9313725490196079,1.2892156862745099,0.8137044967880085
75,12,regular,2,1034,1007,27,1007,27,0,0.9738878143133463,1.0,1.0268123138033765,0.9867711905928467
75,12,semiregular,2,649,641,8,577,72,64,0.889060092449923,0.9001560062402496,1.0124804992199687,0.8945736434108528
75,12,irregular,2,247,204,43,184,63,20,0.7449392712550608,0.9019607843137255,1.2107843137254901,0.8159645232815965
75,12,regular,3,1002,1007,5,1001,1,6,0.999001996007984,0.9940417080436942,0.9950347567030785,0.9965156794425087
75,12,semiregular,3,657,641,16,585,72,56,0.8904109589041096,0.9126365054602185,1.0249609984399375,0.9013867488443759
75,12,irregular,3,230,204,26,178,52,26,0.7739130434782608,0.8725490196078431,1.1274509803921569,0.8202764976958524
75,13,regular,1,1040,1000,40,1000,40,0,0.9615384615384616,1.0,1.04,0.9803921568627451
75,13,semiregular,1,826,815,11,763,63,52,0.923728813559322,0.9361963190184049,1.0134969325153373,0.9299207800121876
75,13,irregular,1,265,216,49,174,91,42,0.6566037735849056,0.8055555555555556,1.2268518518518519,0.7234927234927234
75,13,regular,2,976,1000,24,969,7,31,0.992827868852459,0.969,0.976,0.9807692307692308
75,13,semiregular,2,833,815,18,778,55,37,0.9339735894357744,0.9546012269938651,1.0220858895705522,0.9441747572815534
75,13,irregular,2,239,216,23,184,55,32,0.7698744769874477,0.8518518518518519,1.1064814814814814,0.8087912087912088
75,13,regular,3,987,1000,13,986,1,14,0.9989868287740629,0.986,0.987,0.992450931051837
75,13,semiregular,3,824,815,9,770,54,45,0.9344660194174758,0.9447852760736196,1.011042944785276,0.9395973154362416
75,13,irregular,3,223,216,7,188,35,28,0.8430493273542601,0.8703703703703703,1.0324074074074074,0.8564920273348519
75,14,regular,1,1032,1052,20,1031,1,21,0.999031007751938,0.9800380228136882,0.9809885931558935,0.9894433781190018
75,14,semiregular,1,851,913,62,793,58,120,0.9318448883666275,0.8685651697699891,0.932092004381161,0.8990929705215419
75,14,irregular,1,249,217,32,178,71,39,0.714859437751004,0.8202764976958525,1.1474654377880185,0.7639484978540771
75,14,regular,2,1015,1052,37,1009,6,43,0.994088669950739,0.9591254752851711,0.964828897338403,0.9762941461054669
75,14,semiregular,2,900,913,13,844,56,69,0.9377777777777778,0.9244249726177437,0.9857612267250822,0.9310535024820739
75,14,irregular,2,231,217,14,183,48,34,0.7922077922077922,0.8433179723502304,1.064516129032258,0.8169642857142858
75,14,regular,3,1052,1052,0,1048,4,4,0.9961977186311787,0.9961977186311787,1.0,0.9961977186311787
75,14,semiregular,3,898,913,15,845,53,68,0.9409799554565702,0.9255202628696605,0.9835706462212487,0.9331860850358917
75,14,irregular,3,214,217,3,183,31,34,0.8551401869158879,0.8433179723502304,0.9861751152073732,0.8491879350348027
75,15,regular,1,1010,964,46,964,46,0,0.9544554455445544,1.0,1.0477178423236515,0.9766970618034447
75,15,semiregular,1,786,774,12,730,56,44,0.9287531806615776,0.9431524547803618,1.0155038759689923,0.935897435897436
75,15,irregular,1,220,218,2,175,45,43,0.7954545454545454,0.8027522935779816,1.0091743119266054,0.7990867579908675
75,15,regular,2,936,964,28,928,8,36,0.9914529914529915,0.9626556016597511,0.970954356846473,0.9768421052631578
75,15,semiregular,2,771,774,3,730,41,44,0.9468223086900129,0.9431524547803618,0.9961240310077519,0.9449838187702265
75,15,irregular,2,200,218,18,177,23,41,0.885,0.8119266055045872,0.9174311926605505,0.8468899521531099
75,15,regular,3,953,964,11,952,1,12,0.9989506820566632,0.9875518672199171,0.9885892116182573,0.9932185706833594
75,15,semiregular,3,760,774,14,723,37,51,0.9513157894736842,0.9341085271317829,0.9819121447028424,0.9426336375488918
75,15,irregular,3,222,218,4,189,33,29,0.8513513513513513,0.8669724770642202,1.018348623853211,0.8590909090909091
75,16,regular,1,1105,1109,4,1096,9,13,0.9918552036199095,0.9882777276825969,0.9963931469792606,0.990063233965673
75,16,semiregular,1,679,681,2,602,77,79,0.8865979381443299,0.8839941262848752,0.9970631424375918,0.8852941176470588
75,16,irregular,1,228,272,44,166,62,106,0.7280701754385965,0.6102941176470589,0.8382352941176471,0.664
75,16,regular,2,1125,1109,16,1108,17,1,0.9848888888888889,0.9990982867448152,1.0144274120829577,0.9919427036705462
75,16,semiregular,2,659,681,22,600,59,81,0.9104704097116844,0.8810572687224669,0.9676945668135095,0.8955223880597014
75,16,irregular,2,266,272,6,217,49,55,0.8157894736842105,0.7977941176470589,0.9779411764705882,0.8066914498141263
75,16,regular,3,1108,1109,1,1104,4,5,0.9963898916967509,0.9954914337240758,0.9990982867448152,0.9959404600811909
75,16,semiregular,3,665,681,16,612,53,69,0.9203007518796993,0.8986784140969163,0.9765051395007343,0.9093610698365527
75,16,irregular,3,246,272,26,206,40,66,0.8373983739837398,0.7573529411764706,0.9044117647058824,0.7953667953667953
75,17,regular,1,1068,1029,39,1029,39,0,0.9634831460674157,1.0,1.0379008746355685,0.9814020028612304
75,17,semiregular,1,826,837,11,757,69,80,0.9164648910411622,0.9044205495818399,0.986857825567503,0.9104028863499699
75,17,irregular,1,240,240,0,154,86,86,0.6416666666666667,0.6416666666666667,1.0,0.6416666666666667
75,17,regular,2,1027,1029,2,1020,7,9,0.9931840311587147,0.9912536443148688,0.9980563654033042,0.9922178988326849
75,17,semiregular,2,844,837,7,785,59,52,0.9300947867298578,0.937873357228196,1.008363201911589,0.9339678762641286
75,17,irregular,2,285,240,45,195,90,45,0.6842105263157895,0.8125,1.1875,0.742857142857143
75,17,regular,3,1026,1029,3,1024,2,5,0.9980506822612085,0.9951409135082604,0.9970845481049563,0.9965936739659367
75,17,semiregular,3,846,837,9,791,55,46,0.9349881796690307,0.945041816009558,1.010752688172043,0.9399881164587046
75,17,irregular,3,249,240,9,203,46,37,0.8152610441767069,0.8458333333333333,1.0375,0.8302658486707567
75,18,regular,1,1084,1044,40,1043,41,1,0.9621771217712177,0.9990421455938697,1.0383141762452108,0.9802631578947368
75,18,semiregular,1,768,801,33,720,48,81,0.9375,0.898876404494382,0.9588014981273408,0.9177820267686424
75,18,irregular,1,246,252,6,182,64,70,0.7398373983739838,0.7222222222222222,0.9761904761904762,0.7309236947791166
75,18,regular,2,1042,1044,2,1035,7,9,0.9932821497120922,0.9913793103448276,0.9980842911877394,0.9923298178331736
75,18,semiregular,2,818,801,17,769,49,32,0.9400977995110025,0.9600499375780275,1.021223470661673,0.9499691167387277
75,18,irregular,2,261,252,9,205,56,47,0.7854406130268199,0.8134920634920635,1.0357142857142858,0.7992202729044834
75,18,regular,3,1039,1044,5,1035,4,9,0.9961501443695862,0.9913793103448276,0.9952107279693486,0.9937590014402305
75,18,semiregular,3,819,801,18,770,49,31,0.9401709401709402,0.9612983770287141,1.0224719101123596,0.9506172839506173
75,18,irregular,3,254,252,2,224,30,28,0.8818897637795275,0.8888888888888888,1.007936507936508,0.8853754940711462
75,19,regular,1,1084,1076,8,1058,26,18,0.9760147601476015,0.983271375464684,1.0074349442379182,0.9796296296296296
75,19,semiregular,1,737,753,16,686,51,67,0.9308005427408412,0.9110225763612217,0.9787516600265604,0.9208053691275166
75,19,irregular,1,301,245,56,201,100,44,0.6677740863787376,0.8204081632653061,1.2285714285714286,0.7362637362637362
75,19,regular,2,1068,1076,8,1062,6,14,0.9943820224719101,0.9869888475836431,0.9925650557620818,0.9906716417910448
75,19,semiregular,2,713,753,40,673,40,80,0.9438990182328191,0.8937583001328021,0.9468791500664011,0.9181446111869032
75,19,irregular,2,259,245,14,198,61,47,0.7644787644787645,0.8081632653061225,1.0571428571428572,0.7857142857142858
75,19,regular,3,1069,1076,7,1066,3,10,0.9971936389148737,0.9907063197026023,0.9934944237918215,0.9939393939393939
75,19,semiregular,3,732,753,21,692,40,61,0.9453551912568307,0.9189907038512616,0.9721115537848606,0.9319865319865319
75,19,irregular,3,241,245,4,197,44,48,0.8174273858921162,0.8040816326530612,0.9836734693877551,0.8106995884773662
75,20,regular,1,1206,1251,45,1191,15,60,0.9875621890547264,0.9520383693045563,0.9640287769784173,0.9694749694749694
75,20,semiregular,1,867,841,26,762,105,79,0.8788927335640139,0.906064209274673,1.0309155766944114,0.8922716627634661
75,20,irregular,1,283,252,31,193,90,59,0.6819787985865724,0.7658730158730159,1.123015873015873,0.7214953271028037
75,20,regular,2,1205,1251,46,1192,13,59,0.9892116182572614,0.9528377298161471,0.9632294164668266,0.9706840390879479
75,20,semiregular,2,836,841,5,753,83,88,0.9007177033492823,0.8953626634958383,0.9940546967895363,0.8980322003577818
75,20,irregular,2,244,252,8,202,42,50,0.8278688524590164,0.8015873015873016,0.9682539682539683,0.814516129032258
75,20,regular,3,1213,1251,38,1213,0,38,1.0,0.9696243005595524,0.9696243005595524,0.984577922077922
75,20,semiregular,3,841,841,0,756,85,85,0.8989298454221165,0.8989298454221165,1.0,0.8989298454221165
75,20,irregular,3,253,252,1,209,44,43,0.8260869565217391,0.8293650793650794,1.003968253968254,0.8277227722772277
75,21,regular,1,932,920,12,917,15,3,0.9839055793991416,0.9967391304347826,1.0130434782608695,0.9902807775377969
75,21,semiregular,1,568,549,19,480,88,69,0.8450704225352113,0.8743169398907104,1.034608378870674,0.8594449418084155
75,21,irregular,1,241,204,37,179,62,25,0.7427385892116183,0.8774509803921569,1.1813725490196079,0.8044943820224719
75,21,regular,2,920,920,0,910,10,10,0.9891304347826086,0.9891304347826086,1.0,0.9891304347826086
75,21,semiregular,2,577,549,28,494,83,55,0.8561525129982669,0.8998178506375227,1.0510018214936248,0.8774422735346359
75,21,irregular,2,213,204,9,172,41,32,0.8075117370892019,0.8431372549019608,1.0441176470588236,0.8249400479616307
75,21,regular,3,908,920,12,906,2,14,0.9977973568281938,0.9847826086956522,0.9869565217391304,0.9912472647702406
75,21,semiregular,3,595,549,46,511,84,38,0.8588235294117647,0.930783242258652,1.0837887067395264,0.8933566433566433
75,21,irregular,3,202,204,2,177,25,27,0.8762376237623762,0.8676470588235294,0.9901960784313726,0.87192118226601
75,22,regular,1,1001,946,55,943,58,3,0.942057942057942,0.9968287526427061,1.058139534883721,0.9686697483307651
75,22,semiregular,1,726,703,23,643,83,60,0.8856749311294766,0.914651493598862,1.0327169274537695,0.8999300209937019
75,22,irregular,1,225,247,22,173,52,74,0.7688888888888888,0.7004048582995951,0.9109311740890689,0.733050847457627
75,22,regular,2,952,946,6,926,26,20,0.9726890756302521,0.9788583509513742,1.0063424947145878,0.975763962065332
75,22,semiregular,2,699,703,4,636,63,67,0.9098712446351931,0.9046941678520626,0.9943100995732574,0.9072753209700428
75,22,irregular,2,237,247,10,193,44,54,0.8143459915611815,0.7813765182186235,0.9595141700404858,0.7975206611570249
75,22,regular,3,938,946,8,935,3,11,0.9968017057569296,0.9883720930232558,0.9915433403805497,0.9925690021231423
75,22,semiregular,3,705,703,2,656,49,47,0.9304964539007092,0.9331436699857752,1.0028449502133712,0.9318181818181819
75,22,irregular,3,245,247,2,203,42,44,0.8285714285714286,0.8218623481781376,0.9919028340080972,0.8252032520325204
75,23,regular,1,1031,999,32,997,34,2,0.9670223084384093,0.997997997997998,1.032032032032032,0.9822660098522168
75,23,semiregular,1,874,835,39,782,92,53,0.8947368421052632,0.9365269461077844,1.0467065868263472,0.9151550614394383
75,23,irregular,1,276,266,10,181,95,85,0.6557971014492754,0.6804511278195489,1.037593984962406,0.6678966789667896
75,23,regular,2,981,999,18,970,11,29,0.9887869520897044,0.970970970970971,0.9819819819819819,0.9797979797979799
75,23,semiregular,2,782,835,53,714,68,121,0.9130434782608695,0.8550898203592814,0.9365269461077844,0.883116883116883
75,23,irregular,2,261,266,5,196,65,70,0.7509578544061303,0.7368421052631579,0.981203007518797,0.7438330170777988
75,23,regular,3,998,999,1,990,8,9,0.9919839679358717,0.990990990990991,0.998998998998999,0.9914872308462693
75,23,semiregular,3,857,835,22,790,67,45,0.9218203033838973,0.9461077844311377,1.0263473053892216,0.933806146572104
75,23,irregular,3,270,266,4,212,58,54,0.7851851851851852,0.7969924812030075,1.0150375939849625,0.7910447761194029
75,24,regular,1,1070,1079,9,1060,10,19,0.9906542056074766,0.9823911028730306,0.9916589434661723,0.9865053513261982
75,24,semiregular,1,644,680,36,595,49,85,0.9239130434782609,0.875,0.9470588235294117,0.8987915407854986
75,24,irregular,1,201,247,46,168,33,79,0.835820895522388,0.680161943319838,0.8137651821862348,0.75
75,24,regular,2,1069,1079,10,1058,11,21,0.9897100093545369,0.9805375347544022,0.9907321594068582,0.9851024208566108
75,24,semiregular,2,664,680,16,631,33,49,0.9503012048192772,0.9279411764705883,0.9764705882352941,0.9389880952380952
75,24,irregular,2,226,247,21,202,24,45,0.8938053097345132,0.8178137651821862,0.9149797570850202,0.854122621564482
75,24,regular,3,1069,1079,10,1065,4,14,0.9962581852198317,0.9870250231696015,0.9907321594068582,0.9916201117318436
75,24,semiregular,3,682,680,2,648,34,32,0.9501466275659824,0.9529411764705882,1.0029411764705882,0.9515418502202643
75,24,irregular,3,242,247,5,216,26,31,0.8925619834710744,0.8744939271255061,0.979757085020243,0.8834355828220859
75,25,regular,1,921,946,25,916,5,30,0.99457111834962,0.9682875264270613,0.9735729386892178,0.9812533476164972
75,25,semiregular,1,679,718,39,615,64,103,0.9057437407952872,0.8565459610027855,0.9456824512534819,0.8804581245526129
75,25,irregular,1,259,207,52,158,101,49,0.61003861003861,0.7632850241545893,1.251207729468599,0.6781115879828326
75,25,regular,2,926,946,20,919,7,27,0.9924406047516199,0.9714587737843552,0.9788583509513742,0.9818376068376068
75,25,semiregular,2,708,718,10,650,58,68,0.9180790960451978,0.9052924791086351,0.9860724233983287,0.9116409537166901
75,25,irregular,2,141,207,66,116,25,91,0.8226950354609929,0.5603864734299517,0.6811594202898551,0.6666666666666666
75,25,regular,3,681,946,265,680,1,266,0.9985315712187959,0.718816067653277,0.7198731501057083,0.8358942839582054
75,25,semiregular,3,613,718,105,559,54,159,0.9119086460032626,0.7785515320334262,0.8537604456824512,0.8399699474079639
75,25,irregular,3,213,207,6,146,67,61,0.6854460093896714,0.7053140096618358,1.0289855072463767,0.6952380952380952
75,26,regular,1,1177,985,192,985,192,0,0.836873406966865,1.0,1.1949238578680204,0.9111933395004627
75,26,semiregular,1,750,720,30,664,86,56,0.8853333333333333,0.9222222222222223,1.0416666666666667,0.9034013605442177
75,26,irregular,1,330,214,116,191,139,23,0.5787878787878787,0.8925233644859814,1.5420560747663552,0.7022058823529411
75,26,regular,2,539,985,446,529,10,456,0.9814471243042672,0.5370558375634518,0.5472081218274112,0.6942257217847768
75,26,semiregular,2,708,720,12,641,67,79,0.905367231638418,0.8902777777777777,0.9833333333333333,0.8977591036414565
75,26,irregular,2,261,214,47,165,96,49,0.632183908045977,0.7710280373831776,1.219626168224299,0.6947368421052631
75,26,regular,3,1058,985,73,982,76,3,0.9281663516068053,0.9969543147208122,1.0741116751269035,0.9613313754282917
75,26,semiregular,3,790,720,70,681,109,39,0.8620253164556962,0.9458333333333333,1.0972222222222223,0.9019867549668873
75,26,irregular,3,271,214,57,189,82,25,0.6974169741697417,0.883177570093458,1.266355140186916,0.7793814432989691
75,27,regular,1,1095,1166,71,1087,8,79,0.9926940639269406,0.9322469982847341,0.9391080617495712,0.9615214506855374
75,27,semiregular,1,573,728,155,523,50,205,0.912739965095986,0.7184065934065934,0.7870879120879121,0.8039969254419677
75,27,irregular,1,225,270,45,169,56,101,0.7511111111111111,0.6259259259259259,0.8333333333333334,0.6828282828282828
75,27,regular,2,1058,1166,108,1048,10,118,0.9905482041587902,0.8987993138936535,0.9073756432246999,0.9424460431654677
75,27,semiregular,2,726,728,2,666,60,62,0.9173553719008265,0.9148351648351648,0.9972527472527473,0.9160935350756533
75,27,irregular,2,266,270,4,212,54,58,0.7969924812030075,0.7851851851851852,0.9851851851851852,0.7910447761194029
75,27,regular,3,1172,1166,6,1163,9,3,0.992320819112628,0.9974271012006861,1.0051457975986278,0.9948674080410608
75,27,semiregular,3,712,728,16,662,50,66,0.9297752808988764,0.9093406593406593,0.978021978021978,0.9194444444444445
75,27,irregular,3,262,270,8,221,41,49,0.8435114503816794,0.8185185185185185,0.9703703703703703,0.8308270676691729
75,28,regular,1,1087,1098,11,1072,15,26,0.9862005519779209,0.97632058287796,0.9899817850637522,0.9812356979405035
75,28,semiregular,1,866,859,7,788,78,71,0.9099307159353349,0.9173457508731082,1.0081490104772992,0.9136231884057971
75,28,irregular,1,303,293,10,160,143,133,0.528052805280528,0.5460750853242321,1.0341296928327646,0.5369127516778524
75,28,regular,2,1104,1098,6,1086,18,12,0.9836956521739131,0.9890710382513661,1.005464480874317,0.9863760217983651
75,28,semiregular,2,798,859,61,754,44,105,0.9448621553884712,0.8777648428405123,0.9289871944121071,0.9100784550392276
75,28,irregular,2,269,293,24,198,71,95,0.7360594795539034,0.6757679180887372,0.9180887372013652,0.704626334519573
75,28,regular,3,1020,1098,78,1018,2,80,0.9980392156862745,0.9271402550091075,0.9289617486338798,0.9612842304060435
75,28,semiregular,3,796,859,63,758,38,101,0.9522613065326633,0.8824214202561118,0.9266589057043073,0.9160120845921451
75,28,irregular,3,285,293,8,206,79,87,0.7228070175438597,0.7030716723549488,0.9726962457337884,0.71280276816609
75,29,regular,1,1115,1140,25,1109,6,31,0.9946188340807175,0.9728070175438597,0.9780701754385965,0.9835920177383592
75,29,semiregular,1,890,869,21,796,94,73,0.8943820224719101,0.9159953970080552,1.0241657077100115,0.9050596930073905
75,29,irregular,1,252,247,5,186,66,61,0.7380952380952381,0.7530364372469636,1.0202429149797572,0.7454909819639279
75,29,regular,2,1108,1140,32,1101,7,39,0.9936823104693141,0.9657894736842105,0.9719298245614035,0.9795373665480428
75,29,semiregular,2,944,869,75,832,112,37,0.8813559322033898,0.9574223245109321,1.0863060989643267,0.9178157749586321
75,29,irregular,2,282,247,35,211,71,36,0.74822695035461,0.854251012145749,1.1417004048582995,0.7977315689981096
75,29,regular,3,1087,1140,53,1086,1,54,0.9990800367985281,0.9526315789473684,0.9535087719298245,0.9753030983385721
75,29,semiregular,3,884,869,15,804,80,65,0.9095022624434389,0.9252013808975834,1.0172612197928654,0.917284654877353
75,29,irregular,3,256,247,9,208,48,39,0.8125,0.8421052631578947,1.0364372469635628,0.8270377733598409
75,30,regular,1,991,997,6,983,8,14,0.9919273461150353,0.9859578736208626,0.9939819458375125,0.9889336016096579
75,30,semiregular,1,796,810,14,727,69,83,0.9133165829145728,0.8975308641975308,0.9827160493827161,0.9053549190535491
75,30,irregular,1,212,250,38,149,63,101,0.7028301886792453,0.596,0.848,0.645021645021645
75,30,regular,2,921,997,76,919,2,78,0.997828447339848,0.921765295887663,0.9237713139418254,0.9582898852971845
75,30,semiregular,2,802,810,8,744,58,66,0.9276807980049875,0.9185185185185185,0.9901234567901235,0.923076923076923
75,30,irregular,2,240,250,10,189,51,61,0.7875,0.756,0.96,0.7714285714285715
75,30,regular,3,991,997,6,990,1,7,0.9989909182643795,0.9929789368104313,0.9939819458375125,0.9959758551307848
75,30,semiregular,3,824,810,14,769,55,41,0.933252427184466,0.9493827160493827,1.017283950617284,0.9412484700122398
75,30,irregular,3,257,250,7,204,53,46,0.7937743190661478,0.816,1.028,0.8047337278106509
90,1,regular,1,921,937,16,913,8,24,0.991313789359392,0.9743863393810032,0.9829242262540021,0.9827771797631862
90,1,semiregular,1,717,703,14,620,97,83,0.8647140864714087,0.8819345661450925,1.0199146514935988,0.8732394366197184
90,1,irregular,1,195,199,4,151,44,48,0.7743589743589744,0.7587939698492462,0.9798994974874372,0.766497461928934
90,1,regular,2,963,937,26,927,36,10,0.9626168224299065,0.9893276414087513,1.0277481323372466,0.9757894736842104
90,1,semiregular,2,709,703,6,607,102,96,0.8561354019746121,0.8634423897581792,1.0085348506401137,0.8597733711048159
90,1,irregular,2,208,199,9,169,39,30,0.8125,0.8492462311557789,1.0452261306532664,0.8304668304668305
90,1,regular,3,943,937,6,933,10,4,0.9893955461293743,0.9957310565635006,1.0064034151547492,0.9925531914893617
90,1,semiregular,3,700,703,3,618,82,85,0.8828571428571429,0.8790896159317212,0.9957325746799431,0.8809693513898788
90,1,irregular,3,191,199,8,159,32,40,0.8324607329842932,0.7989949748743719,0.9597989949748744,0.8153846153846154
90,2,regular,1,1204,1224,20,1196,8,28,0.9933554817275747,0.9771241830065359,0.9836601307189542,0.985172981878089
90,2,semiregular,1,567,647,80,539,28,108,0.9506172839506173,0.8330757341576507,0.8763523956723338,0.8879736408566722
90,2,irregular,1,199,217,18,133,66,84,0.6683417085427136,0.6129032258064516,0.9170506912442397,0.6394230769230769
90,2,regular,2,1160,1224,64,1147,13,77,0.9887931034482759,0.9370915032679739,0.9477124183006536,0.9622483221476511
90,2,semiregular,2,600,647,47,571,29,76,0.9516666666666667,0.8825347758887172,0.9273570324574961,0.9157979149959904
90,2,irregular,2,237,217,20,192,45,25,0.810126582278481,0.8847926267281107,1.0921658986175116,0.8458149779735683
90,2,regular,3,1225,1224,1,1214,11,10,0.9910204081632653,0.9918300653594772,1.0008169934640523,0.991425071457738
90,2,semiregular,3,618,647,29,589,29,58,0.9530744336569579,0.910355486862442,0.955177743431221,0.9312252964426878
90,2,irregular,3,217,217,0,175,42,42,0.8064516129032258,0.8064516129032258,1.0,0.8064516129032258
90,3,regular,1,1030,1053,23,1025,5,28,0.9951456310679612,0.97340930674264,0.9781576448243114,0.984157465194431
90,3,semiregular,1,703,716,13,638,65,78,0.9075391180654339,0.8910614525139665,0.9818435754189944,0.8992248062015504
90,3,irregular,1,207,224,17,159,48,65,0.7681159420289855,0.7098214285714286,0.9241071428571429,0.7378190255220417
90,3,regular,2,992,1053,61,983,9,70,0.9909274193548387,0.9335232668566001,0.9420702754036088,0.9613691931540342
90,3,semiregular,2,706,716,10,640,66,76,0.9065155807365439,0.8938547486033519,0.9860335195530726,0.9001406469760901
90,3,irregular,2,226,224,2,186,40,38,0.8230088495575221,0.8303571428571429,1.0089285714285714,0.8266666666666667
90,3,regular,3,1047,1053,6,1045,2,8,0.9980897803247374,0.9924026590693258,0.9943019943019943,0.9952380952380953
90,3,semiregular,3,692,716,24,641,51,75,0.9263005780346821,0.8952513966480447,0.9664804469273743,0.9105113636363635
90,3,irregular,3,212,224,12,174,38,50,0.8207547169811321,0.7767857142857143,0.9464285714285714,0.7981651376146789
90,4,regular,1,1090,1101,11,1080,10,21,0.9908256880733946,0.9809264305177112,0.9900090826521344,0.985851209493382
90,4,semiregular,1,612,614,2,524,88,90,0.8562091503267973,0.8534201954397395,0.996742671009772,0.8548123980424144
90,4,irregular,1,216,228,12,157,59,71,0.7268518518518519,0.6885964912280702,0.9473684210526315,0.7072072072072072
90,4,regular,2,1103,1101,2,1094,9,7,0.9918404351767905,0.9936421435059037,1.0018165304268847,0.9927404718693285
90,4,semiregular,2,590,614,24,529,61,85,0.8966101694915254,0.8615635179153095,0.9609120521172638,0.8787375415282392
90,4,irregular,2,242,228,14,195,47,33,0.8057851239669421,0.8552631578947368,1.0614035087719298,0.8297872340425532
90,4,regular,3,1105,1101,4,1095,10,6,0.9909502262443439,0.9945504087193461,1.0036330608537694,0.9927470534904805
90,4,semiregular,3,583,614,31,540,43,74,0.9262435677530018,0.8794788273615635,0.9495114006514658,0.9022556390977443
90,4,irregular,3,235,228,7,189,46,39,0.8042553191489362,0.8289473684210527,1.030701754385965,0.816414686825054
90,5,regular,1,1045,1044,1,1037,8,7,0.9923444976076555,0.9932950191570882,1.0009578544061302,0.9928195308760172
90,5,semiregular,1,721,668,53,632,89,36,0.8765603328710125,0.9461077844311377,1.0793413173652695,0.9100071994240461
90,5,irregular,1,214,217,3,158,56,59,0.7383177570093458,0.728110599078341,0.9861751152073732,0.7331786542923433
90,5,regular,2,1043,1044,1,1034,9,10,0.9913710450623202,0.9904214559386973,0.9990421455938697,0.9908960229995208
90,5,semiregular,2,711,668,43,618,93,50,0.869198312236287,0.9251497005988024,1.06437125748503,0.896301667875272
90,5,irregular,2,228,217,11,184,44,33,0.8070175438596491,0.847926267281106,1.0506912442396312,0.8269662921348314
90,5,regular,3,1049,1044,5,1042,7,2,0.9933269780743565,0.9980842911877394,1.0047892720306513,0.9956999522216914
90,5,semiregular,3,657,668,11,598,59,70,0.9101978691019786,0.8952095808383234,0.9835329341317365,0.9026415094339623
90,5,irregular,3,209,217,8,172,37,45,0.8229665071770335,0.7926267281105991,0.9631336405529954,0.8075117370892019
90,6,regular,1,926,915,11,907,19,8,0.9794816414686826,0.9912568306010929,1.0120218579234972,0.9853340575774036
90,6,semiregular,1,699,701,2,643,56,58,0.9198855507868383,0.9172610556348074,0.9971469329529244,0.9185714285714286
90,6,irregular,1,178,195,17,120,58,75,0.6741573033707865,0.6153846153846154,0.9128205128205128,0.64343163538874
90,6,regular,2,959,915,44,914,45,1,0.9530761209593326,0.9989071038251366,1.048087431693989,0.9754535752401281
90,6,semiregular,2,685,701,16,635,50,66,0.927007299270073,0.905848787446505,0.9771754636233951,0.9163059163059163
90,6,irregular,2,200,195,5,132,68,63,0.66,0.676923076923077,1.0256410256410255,0.668354430379747
90,6,regular,3,927,915,12,912,15,3,0.9838187702265372,0.9967213114754099,1.0131147540983607,0.9902280130293161
90,6,semiregular,3,692,701,9,647,45,54,0.934971098265896,0.9229671897289586,0.9871611982881597,0.9289303661162959
90,6,irregular,3,206,195,11,164,42,31,0.7961165048543689,0.841025641025641,1.0564102564102564,0.8179551122194514
90,7,regular,1,1207,1230,23,1195,12,35,0.9900579950289975,0.9715447154471545,0.9813008130081301,0.9807139926138695
90,7,semiregular,1,739,761,22,653,86,108,0.8836265223274695,0.8580814717477004,0.9710906701708278,0.8706666666666666
90,7,irregular,1,242,225,17,160,82,65,0.6611570247933884,0.7111111111111111,1.0755555555555556,0.6852248394004282
90,7,regular,2,1242,1230,12,1216,26,14,0.9790660225442834,0.9886178861788618,1.0097560975609756,0.9838187702265373
90,7,semiregular,2,703,761,58,636,67,125,0.9046941678520626,0.835742444152431,0.923784494086728,0.8688524590163934
90,7,irregular,2,227,225,2,190,37,35,0.8370044052863436,0.8444444444444444,1.008888888888889,0.8407079646017699
90,7,regular,3,1241,1230,11,1224,17,6,0.9863013698630136,0.9951219512195122,1.0089430894308944,0.9906920275192229
90,7,semiregular,3,743,761,18,677,66,84,0.9111709286675639,0.8896189224704336,0.9763469119579501,0.9002659574468086
90,7,irregular,3,222,225,3,183,39,42,0.8243243243243243,0.8133333333333334,0.9866666666666667,0.8187919463087249
90,8,regular,1,1029,1035,6,1019,10,16,0.9902818270165209,0.9845410628019323,0.9942028985507246,0.9874031007751938
90,8,semiregular,1,821,827,6,738,83,89,0.8989037758830695,0.8923821039903265,0.992744860943168,0.8956310679611651
90,8,irregular,1,235,243,8,150,85,93,0.6382978723404256,0.6172839506172839,0.9670781893004116,0.6276150627615064
90,8,regular,2,1014,1035,21,1004,10,31,0.9901380670611439,0.970048309178744,0.9797101449275363,0.9799902391410444
90,8,semiregular,2,804,827,23,739,65,88,0.9191542288557214,0.8935912938331319,0.9721886336154776,0.9061925199264257
90,8,irregular,2,241,243,2,188,53,55,0.7800829875518672,0.7736625514403292,0.9917695473251029,0.7768595041322315
90,8,regular,3,1043,1035,8,1031,12,4,0.9884947267497604,0.996135265700483,1.007729468599034,0.9923002887391724
90,8,semiregular,3,818,827,9,755,63,72,0.9229828850855746,0.9129383313180169,0.9891172914147521,0.9179331306990882
90,8,irregular,3,243,243,0,188,55,55,0.7736625514403292,0.7736625514403292,1.0,0.7736625514403292
90,9,regular,1,1083,1107,24,1078,5,29,0.9953831948291783,0.973803071364047,0.978319783197832,0.9844748858447488
90,9,semiregular,1,656,701,45,622,34,79,0.948170731707317,0.8873038516405135,0.9358059914407989,0.9167280766396462
90,9,irregular,1,210,266,56,149,61,117,0.7095238095238096,0.5601503759398496,0.7894736842105263,0.6260504201680672
90,9,regular,2,1036,1107,71,1028,8,79,0.9922779922779923,0.928635953026197,0.935862691960253,0.9594027064862343
90,9,semiregular,2,637,701,64,599,38,102,0.9403453689167975,0.854493580599144,0.9087018544935807,0.8953662182361735
90,9,irregular,2,267,266,1,221,46,45,0.8277153558052435,0.8308270676691729,1.0037593984962405,0.8292682926829268
90,9,regular,3,1101,1107,6,1099,2,8,0.9981834695731153,0.992773261065944,0.994579945799458,0.9954710144927537
90,9,semiregular,3,690,701,11,663,27,38,0.9608695652173913,0.9457917261055635,0.9843081312410842,0.9532710280373832
90,9,irregular,3,258,266,8,213,45,53,0.8255813953488372,0.8007518796992481,0.9699248120300752,0.8129770992366412
90,10,regular,1,1045,1014,31,1002,43,12,0.9588516746411483,0.9881656804733728,1.0305719921104537,0.9732880038853812
90,10,semiregular,1,680,656,24,623,57,33,0.9161764705882353,0.9496951219512195,1.0365853658536586,0.9326347305389222
90,10,irregular,1,220,247,27,180,40,67,0.8181818181818182,0.728744939271255,0.8906882591093117,0.7708779443254818
90,10,regular,2,1044,1014,30,1011,33,3,0.9683908045977011,0.9970414201183432,1.029585798816568,0.9825072886297376
90,10,semiregular,2,661,656,5,610,51,46,0.9228441754916793,0.9298780487804879,1.0076219512195121,0.9263477600607443
90,10,irregular,2,242,247,5,208,34,39,0.859504132231405,0.8421052631578947,0.979757085020243,0.8507157464212679
90,10,regular,3,1030,1014,16,1011,19,3,0.9815533980582525,0.9970414201183432,1.0157790927021697,0.9892367906066537
90,10,semiregular,3,626,656,30,589,37,67,0.9408945686900958,0.8978658536585366,0.9542682926829268,0.9188767550702027
90,10,irregular,3,239,247,8,199,40,48,0.8326359832635983,0.805668016194332,0.9676113360323887,0.8189300411522634
90,11,regular,1,1065,1070,5,1059,6,11,0.9943661971830986,0.9897196261682243,0.9953271028037384,0.9920374707259952
90,11,semiregular,1,727,700,27,636,91,64,0.874828060522696,0.9085714285714286,1.0385714285714285,0.8913805185704274
90,11,irregular,1,206,239,33,160,46,79,0.7766990291262136,0.6694560669456067,0.8619246861924686,0.7191011235955055
90,11,regular,2,1062,1070,8,1053,9,17,0.9915254237288136,0.9841121495327103,0.9925233644859813,0.9878048780487806
90,11,semiregular,2,681,700,19,618,63,82,0.9074889867841409,0.8828571428571429,0.9728571428571429,0.8950036205648081
90,11,irregular,2,231,239,8,188,43,51,0.8138528138528138,0.7866108786610879,0.9665271966527197,0.8
90,11,regular,3,1073,1070,3,1067,6,3,0.994408201304753,0.997196261682243,1.002803738317757,0.9958002799813346
90,11,semiregular,3,686,700,14,636,50,64,0.9271137026239067,0.9085714285714286,0.98,0.9177489177489178
90,11,irregular,3,228,239,11,184,44,55,0.8070175438596491,0.7698744769874477,0.9539748953974896,0.7880085653104925
90,12,regular,1,1006,1007,1,1001,5,6,0.9950298210735586,0.9940417080436942,0.9990069513406157,0.9945355191256832
90,12,semiregular,1,711,641,70,603,108,38,0.8481012658227848,0.9407176287051482,1.109204368174727,0.8920118343195266
90,12,irregular,1,251,204,47,171,80,33,0.6812749003984063,0.8382352941176471,1.2303921568627452,0.7516483516483516
90,12,regular,2,1060,1007,53,1007,53,0,0.95,1.0,1.0526315789473684,0.9743589743589743
90,12,semiregular,2,654,641,13,568,86,73,0.8685015290519877,0.8861154446177847,1.0202808112324493,0.8772200772200773
90,12,irregular,2,249,204,45,185,64,19,0.7429718875502008,0.9068627450980392,1.2205882352941178,0.8167770419426048
90,12,regular,3,1021,1007,14,1007,14,0,0.9862879529872673,1.0,1.0139026812313803,0.9930966469428009
90,12,semiregular,3,621,641,20,562,59,79,0.9049919484702094,0.8767550702028081,0.968798751950078,0.8906497622820918
90,12,irregular,3,218,204,14,167,51,37,0.7660550458715596,0.8186274509803921,1.0686274509803921,0.7914691943127963
90,13,regular,1,982,1000,18,980,2,20,0.9979633401221996,0.98,0.982,0.9889001009081735
90,13,semiregular,1,830,815,15,767,63,48,0.9240963855421687,0.9411042944785276,1.01840490797546,0.9325227963525836
90,13,irregular,1,254,216,38,167,87,49,0.65748031496063,0.7731481481481481,1.1759259259259258,0.7106382978723405
90,13,regular,2,1035,1000,35,1000,35,0,0.966183574879227,1.0,1.035,0.9828009828009828
90,13,semiregular,2,820,815,5,764,56,51,0.9317073170731708,0.9374233128834356,1.0061349693251533,0.9345565749235474
90,13,irregular,2,245,216,29,183,62,33,0.746938775510204,0.8472222222222222,1.1342592592592593,0.7939262472885031
90,13,regular,3,1000,1000,0,995,5,5,0.995,0.995,1.0,0.995
90,13,semiregular,3,798,815,17,756,42,59,0.9473684210526315,0.9276073619631902,0.9791411042944785,0.9373837569745815
90,13,irregular,3,222,216,6,180,42,36,0.8108108108108109,0.8333333333333334,1.0277777777777777,0.8219178082191781
90,14,regular,1,1030,1052,22,1029,1,23,0.9990291262135922,0.9781368821292775,0.9790874524714829,0.9884726224783861
90,14,semiregular,1,867,913,46,814,53,99,0.9388696655132641,0.891566265060241,0.9496166484118291,0.9146067415730338
90,14,irregular,1,222,217,5,160,62,57,0.7207207207207207,0.7373271889400922,1.023041474654378,0.7289293849658314
90,14,regular,2,1000,1052,52,994,6,58,0.994,0.9448669201520913,0.9505703422053232,0.9688109161793372
90,14,semiregular,2,878,913,35,830,48,83,0.9453302961275627,0.9090909090909091,0.9616648411829135,0.9268565047459519
90,14,irregular,2,231,217,14,187,44,30,0.8095238095238095,0.8617511520737328,1.064516129032258,0.8348214285714286
90,14,regular,3,1062,1052,10,1048,14,4,0.9868173258003766,0.9961977186311787,1.0095057034220531,0.9914853358561967
90,14,semiregular,3,877,913,36,835,42,78,0.9521094640820981,0.9145673603504929,0.9605695509309967,0.9329608938547486
90,14,irregular,3,205,217,12,170,35,47,0.8292682926829268,0.783410138248848,0.9447004608294931,0.8056872037914692
90,15,regular,1,960,964,4,954,6,10,0.99375,0.9896265560165975,0.995850622406639,0.9916839916839917
90,15,semiregular,1,815,774,41,743,72,31,0.9116564417177914,0.9599483204134367,1.0529715762273901,0.935179358086847
90,15,irregular,1,201,218,17,166,35,52,0.8258706467661692,0.7614678899082569,0.9220183486238532,0.7923627684964201
90,15,regular,2,946,964,18,936,10,28,0.9894291754756871,0.970954356846473,0.9813278008298755,0.9801047120418848
90,15,semiregular,2,734,774,40,686,48,88,0.9346049046321526,0.8863049095607235,0.9483204134366925,0.9098143236074271
90,15,irregular,2,217,218,1,182,35,36,0.8387096774193549,0.8348623853211009,0.9954128440366973,0.8367816091954022
90,15,regular,3,964,964,0,959,5,5,0.9948132780082988,0.9948132780082988,1.0,0.9948132780082988
90,15,semiregular,3,734,774,40,699,35,75,0.952316076294278,0.9031007751937985,0.9483204134366925,0.9270557029177718
90,15,irregular,3,212,218,6,183,29,35,0.8632075471698113,0.8394495412844036,0.9724770642201835,0.8511627906976743
90,16,regular,1,1110,1109,1,1100,10,9,0.990990990990991,0.9918845807033363,1.000901713255185,0.9914375844975213
90,16,semiregular,1,657,681,24,587,70,94,0.893455098934551,0.8619676945668135,0.9647577092511013,0.8774289985052317
90,16,irregular,1,253,272,19,174,79,98,0.6877470355731226,0.6397058823529411,0.9301470588235294,0.6628571428571429
90,16,regular,2,1125,1109,16,1107,18,2,0.984,0.9981965734896303,1.0144274120829577,0.991047448522829
90,16,semiregular,2,661,681,20,595,66,86,0.9001512859304085,0.8737151248164464,0.9706314243759178,0.8867362146050671
90,16,irregular,2,266,272,6,214,52,58,0.8045112781954887,0.7867647058823529,0.9779411764705882,0.7955390334572491
90,16,regular,3,1105,1109,4,1101,4,8,0.9963800904977376,0.9927862939585211,0.9963931469792606,0.994579945799458
90,16,semiregular,3,646,681,35,589,57,92,0.9117647058823529,0.8649045521292217,0.9486049926578561,0.8877166541070082
90,16,irregular,3,242,272,30,206,36,66,0.8512396694214877,0.7573529411764706,0.8897058823529411,0.8015564202334631
90,17,regular,1,1046,1029,17,1029,17,0,0.9837476099426387,1.0,1.0165208940719144,0.9918072289156626
90,17,semiregular,1,807,837,30,737,70,100,0.9132589838909542,0.8805256869772998,0.96415770609319,0.8965936739659368
90,17,irregular,1,245,240,5,158,87,82,0.6448979591836734,0.6583333333333333,1.0208333333333333,0.6515463917525772
90,17,regular,2,1045,1029,16,1024,21,5,0.9799043062200957,0.9951409135082604,1.0155490767735667,0.9874638379942141
90,17,semiregular,2,841,837,4,770,71,67,0.915576694411415,0.9199522102747909,1.004778972520908,0.9177592371871274
90,17,irregular,2,268,240,28,194,74,46,0.7238805970149254,0.8083333333333333,1.1166666666666667,0.7637795275590551
90,17,regular,3,1061,1029,32,1028,33,1,0.9688972667295005,0.9990281827016521,1.031098153547133,0.983732057416268
90,17,semiregular,3,820,837,17,761,59,76,0.9280487804878049,0.9091995221027479,0.9796893667861409,0.9185274592637297
90,17,irregular,3,239,240,1,188,51,52,0.7866108786610879,0.7833333333333333,0.9958333333333333,0.7849686847599167
90,18,regular,1,1041,1044,3,1033,8,11,0.9923150816522575,0.9894636015325671,0.9971264367816092,0.9908872901678658
90,18,semiregular,1,777,801,24,729,48,72,0.9382239382239382,0.9101123595505618,0.9700374531835206,0.9239543726235742
90,18,irregular,1,253,252,1,193,60,59,0.7628458498023716,0.7658730158730159,1.003968253968254,0.7643564356435645
90,18,regular,2,1102,1044,58,1043,59,1,0.9464609800362976,0.9990421455938697,1.0555555555555556,0.9720410065237651
90,18,semiregular,2,778,801,23,731,47,70,0.9395886889460154,0.9126092384519351,0.9712858926342073,0.9259024699176694
90,18,irregular,2,276,252,24,212,64,40,0.7681159420289855,0.8412698412698413,1.0952380952380953,0.8030303030303031
90,18,regular,3,1054,1044,10,1042,12,2,0.9886148007590133,0.9980842911877394,1.0095785440613028,0.9933269780743565
90,18,semiregular,3,784,801,17,743,41,58,0.9477040816326531,0.9275905118601748,0.978776529338327,0.9375394321766561
90,18,irregular,3,247,252,5,205,42,47,0.8299595141700404,0.8134920634920635,0.9801587301587301,0.8216432865731462
90,19,regular,1,1084,1076,8,1065,19,11,0.9824723247232472,0.9897769516728625,1.0074349442379182,0.9861111111111112
90,19,semiregular,1,753,753,0,692,61,61,0.9189907038512616,0.9189907038512616,1.0,0.9189907038512616
90,19,irregular,1,269,245,24,186,83,59,0.6914498141263941,0.7591836734693878,1.0979591836734695,0.7237354085603114
90,19,regular,2,1122,1076,46,1073,49,3,0.9563279857397504,0.9972118959107806,1.0427509293680297,0.9763421292083713
90,19,semiregular,2,713,753,40,667,46,86,0.9354838709677419,0.8857901726427623,0.9468791500664011,0.9099590723055934
90,19,irregular,2,264,245,19,203,61,42,0.7689393939393939,0.8285714285714286,1.0775510204081633,0.7976424361493124
90,19,regular,3,1082,1076,6,1072,10,4,0.9907578558225508,0.9962825278810409,1.0055762081784387,0.9935125115848007
90,19,semiregular,3,710,753,43,673,37,80,0.9478873239436619,0.8937583001328021,0.9428950863213812,0.9200273410799726
90,19,irregular,3,237,245,8,189,48,56,0.7974683544303798,0.7714285714285715,0.9673469387755103,0.7842323651452282
90,20,regular,1,1189,1251,62,1186,3,65,0.9974768713204374,0.9480415667466027,0.950439648281375,0.9721311475409835
90,20,semiregular,1,883,841,42,777,106,64,0.8799546998867497,0.9239001189060642,1.0499405469678953,0.9013921113689094
90,20,irregular,1,237,252,15,172,65,80,0.7257383966244726,0.6825396825396826,0.9404761904761905,0.703476482617587
90,20,regular,2,1203,1251,48,1190,13,61,0.9891936824605154,0.9512390087929656,0.9616306954436451,0.9698451507742462
90,20,semiregular,2,796,841,45,711,85,130,0.8932160804020101,0.845422116527943,0.9464922711058263,0.868662186927306
90,20,irregular,2,254,252,2,200,54,52,0.7874015748031497,0.7936507936507936,1.007936507936508,0.7905138339920948
90,20,regular,3,1232,1251,19,1229,3,22,0.997564935064935,0.982414068745004,0.9848121502797762,0.9899315344341522
90,20,semiregular,3,813,841,28,740,73,101,0.9102091020910209,0.8799048751486326,0.9667063020214031,0.8948004836759371
90,20,irregular,3,241,252,11,194,47,58,0.8049792531120332,0.7698412698412699,0.9563492063492064,0.7870182555780932
90,21,regular,1,944,920,24,916,28,4,0.9703389830508474,0.9956521739130435,1.0260869565217392,0.9828326180257511
90,21,semiregular,1,583,549,34,486,97,63,0.8336192109777015,0.8852459016393442,1.0619307832422586,0.8586572438162544
90,21,irregular,1,225,204,21,173,52,31,0.7688888888888888,0.8480392156862745,1.1029411764705883,0.8065268065268065
90,21,regular,2,945,920,25,919,26,1,0.9724867724867725,0.9989130434782608,1.0271739130434783,0.9855227882037534
90,21,semiregular,2,574,549,25,484,90,65,0.8432055749128919,0.8816029143897997,1.0455373406193078,0.8619768477292966
90,21,irregular,2,211,204,7,175,36,29,0.8293838862559242,0.8578431372549019,1.0343137254901962,0.8433734939759034
90,21,regular,3,935,920,15,920,15,0,0.983957219251337,1.0,1.016304347826087,0.9919137466307278
90,21,semiregular,3,555,549,6,485,70,64,0.8738738738738738,0.8834244080145719,1.010928961748634,0.8786231884057971
90,21,irregular,3,199,204,5,170,29,34,0.8542713567839196,0.8333333333333334,0.9754901960784313,0.8436724565756824
90,22,regular,1,965,946,19,942,23,4,0.9761658031088083,0.9957716701902748,1.0200845665961944,0.9858712715855573
90,22,semiregular,1,724,703,21,641,83,62,0.8853591160220995,0.9118065433854907,1.0298719772403984,0.8983882270497547
90,22,irregular,1,216,247,31,160,56,87,0.7407407407407407,0.6477732793522267,0.8744939271255061,0.6911447084233261
90,22,regular,2,1005,946,59,946,59,0,0.9412935323383085,1.0,1.062367864693446,0.9697590978985136
90,22,semiregular,2,687,703,16,630,57,73,0.9170305676855895,0.8961593172119487,0.9772403982930299,0.9064748201438849
90,22,irregular,2,240,247,7,196,44,51,0.8166666666666667,0.7935222672064778,0.97165991902834,0.8049281314168378
90,22,regular,3,950,946,4,942,8,4,0.991578947368421,0.9957716701902748,1.0042283298097252,0.9936708860759493
90,22,semiregular,3,671,703,32,615,56,88,0.9165424739195231,0.8748221906116643,0.9544807965860598,0.8951965065502183
90,22,irregular,3,237,247,10,189,48,58,0.7974683544303798,0.7651821862348178,0.9595141700404858,0.7809917355371901
90,23,regular,1,1012,999,13,992,20,7,0.9802371541501976,0.992992992992993,1.013013013013013,0.9865738438587769
90,23,semiregular,1,827,835,8,739,88,96,0.8935912938331319,0.8850299401197604,0.9904191616766467,0.8892900120336943
90,23,irregular,1,258,266,8,171,87,95,0.6627906976744186,0.6428571428571429,0.9699248120300752,0.6526717557251909
90,23,regular,2,973,999,26,958,15,41,0.9845837615621789,0.958958958958959,0.973973973973974,0.9716024340770791
90,23,semiregular,2,862,835,27,767,95,68,0.8897911832946636,0.918562874251497,1.0323353293413173,0.9039481437831467
90,23,irregular,2,250,266,16,191,59,75,0.764,0.7180451127819549,0.9398496240601504,0.7403100775193799
90,23,regular,3,1011,999,12,999,12,0,0.9881305637982196,1.0,1.012012012012012,0.9940298507462687
90,23,semiregular,3,832,835,3,763,69,72,0.9170673076923077,0.9137724550898204,0.9964071856287425,0.9154169166166767
90,23,irregular,3,260,266,6,199,61,67,0.7653846153846153,0.7481203007518797,0.9774436090225563,0.7566539923954373
90,24,regular,1,1060,1079,19,1048,12,31,0.9886792452830189,0.9712696941612604,0.9823911028730306,0.9798971482000935
90,24,semiregular,1,662,680,18,605,57,75,0.9138972809667674,0.8897058823529411,0.9735294117647059,0.9016393442622951
90,24,irregular,1,199,247,48,162,37,85,0.8140703517587939,0.6558704453441295,0.805668016194332,0.726457399103139
90,24,regular,2,1033,1079,46,1021,12,58,0.9883833494675702,0.9462465245597775,0.9573679332715477,0.9668560606060607
90,24,semiregular,2,664,680,16,626,38,54,0.9427710843373494,0.9205882352941176,0.9764705882352941,0.931547619047619
90,24,irregular,2,232,247,15,204,28,43,0.8793103448275862,0.8259109311740891,0.9392712550607287,0.8517745302713988
90,24,regular,3,1074,1079,5,1069,5,10,0.9953445065176909,0.9907321594068582,0.995366079703429,0.993032977241059
90,24,semiregular,3,668,680,12,636,32,44,0.9520958083832335,0.9352941176470588,0.9823529411764705,0.9436201780415431
90,24,irregular,3,237,247,10,207,30,40,0.8734177215189873,0.8380566801619433,0.9595141700404858,0.8553719008264463
90,25,regular,1,946,946,0,940,6,6,0.9936575052854123,0.9936575052854123,1.0,0.9936575052854123
90,25,semiregular,1,692,718,26,625,67,93,0.903179190751445,0.8704735376044568,0.9637883008356546,0.8865248226950354
90,25,irregular,1,226,207,19,145,81,62,0.6415929203539823,0.7004830917874396,1.0917874396135265,0.6697459584295612
90,25,regular,2,914,946,32,908,6,38,0.9934354485776805,0.959830866807611,0.9661733615221987,0.9763440860215055
90,25,semiregular,2,692,718,26,633,59,85,0.9147398843930635,0.8816155988857939,0.9637883008356546,0.8978723404255319
90,25,irregular,2,157,207,50,110,47,97,0.7006369426751592,0.5314009661835749,0.7584541062801933,0.6043956043956045
90,25,regular,3,751,946,195,750,1,196,0.9986684420772304,0.7928118393234672,0.7938689217758985,0.8839127872716559
90,25,semiregular,3,595,718,123,544,51,174,0.9142857142857143,0.7576601671309192,0.8286908077994429,0.8286367098248286
90,25,irregular,3,209,207,2,145,64,62,0.69377990430622,0.7004830917874396,1.0096618357487923,0.6971153846153846
90,26,regular,1,1016,985,31,980,36,5,0.9645669291338582,0.9949238578680203,1.031472081218274,0.9795102448775612
90,26,semiregular,1,768,720,48,673,95,47,0.8763020833333334,0.9347222222222222,1.0666666666666667,0.9045698924731183
90,26,irregular,1,290,214,76,176,114,38,0.6068965517241379,0.822429906542056,1.355140186915888,0.6984126984126984
90,26,regular,2,1314,985,329,981,333,4,0.7465753424657534,0.9959390862944163,1.334010152284264,0.8534145280556763
90,26,semiregular,2,714,720,6,641,73,79,0.8977591036414566,0.8902777777777777,0.9916666666666667,0.8940027894002789
90,26,irregular,2,256,214,42,161,95,53,0.62890625,0.7523364485981309,1.1962616822429906,0.6851063829787234
90,26,regular,3,1048,985,63,982,66,3,0.9370229007633588,0.9969543147208122,1.063959390862944,0.9660600098376783
90,26,semiregular,3,781,720,61,680,101,40,0.8706786171574904,0.9444444444444444,1.0847222222222221,0.9060626249167222
90,26,irregular,3,270,214,56,183,87,31,0.6777777777777778,0.8551401869158879,1.2616822429906542,0.7561983471074382
90,27,regular,1,1105,1166,61,1103,2,63,0.9981900452488688,0.9459691252144082,0.9476843910806175,0.9713782474680758
90,27,semiregular,1,630,728,98,577,53,151,0.9158730158730158,0.7925824175824175,0.8653846153846154,0.8497790868924889
90,27,irregular,1,214,270,56,160,54,110,0.7476635514018691,0.5925925925925926,0.7925925925925926,0.6611570247933883
90,27,regular,2,1057,1166,109,1045,12,121,0.988647114474929,0.8962264150943396,0.9065180102915952,0.9401709401709402
90,27,semiregular,2,724,728,4,660,64,68,0.9116022099447514,0.9065934065934066,0.9945054945054945,0.9090909090909091
90,27,irregular,2,272,270,2,226,46,44,0.8308823529411765,0.837037037037037,1.0074074074074073,0.8339483394833948
90,27,regular,3,1176,1166,10,1165,11,1,0.9906462585034014,0.9991423670668954,1.0085763293310464,0.9948761742100769
90,27,semiregular,3,699,728,29,648,51,80,0.927038626609442,0.8901098901098901,0.9601648351648352,0.9081990189208128
90,27,irregular,3,256,270,14,214,42,56,0.8359375,0.7925925925925926,0.9481481481481482,0.8136882129277566
90,28,regular,1,1051,1098,47,1041,10,57,0.9904852521408183,0.9480874316939891,0.9571948998178507,0.968822708236389
90,28,semiregular,1,878,859,19,794,84,65,0.9043280182232346,0.9243306169965075,1.0221187427240979,0.9142199194012666
90,28,irregular,1,269,293,24,146,123,147,0.5427509293680297,0.49829351535836175,0.9180887372013652,0.5195729537366547
90,28,regular,2,1062,1098,36,1046,16,52,0.9849340866290018,0.9526411657559198,0.9672131147540983,0.9685185185185184
90,28,semiregular,2,827,859,32,769,58,90,0.9298669891172914,0.8952270081490105,0.9627473806752037,0.9122182680901542
90,28,irregular,2,272,293,21,198,74,95,0.7279411764705882,0.6757679180887372,0.9283276450511946,0.7008849557522123
90,28,regular,3,1033,1098,65,1031,2,67,0.9980638915779284,0.9389799635701275,0.9408014571948998,0.9676208352885968
90,28,semiregular,3,777,859,82,732,45,127,0.9420849420849421,0.8521536670547147,0.9045401629802096,0.8948655256723715
90,28,irregular,3,278,293,15,197,81,96,0.7086330935251799,0.6723549488054608,0.9488054607508533,0.6900175131348512
90,29,regular,1,1134,1140,6,1131,3,9,0.9973544973544973,0.9921052631578947,0.9947368421052631,0.9947229551451188
90,29,semiregular,1,908,869,39,808,100,61,0.8898678414096917,0.9298043728423475,1.04487917146145,0.9093978615644345
90,29,irregular,1,231,247,16,167,64,80,0.7229437229437229,0.6761133603238867,0.9352226720647774,0.6987447698744769
90,29,regular,2,1095,1140,45,1086,9,54,0.9917808219178083,0.9526315789473684,0.9605263157894737,0.9718120805369127
90,29,semiregular,2,934,869,65,819,115,50,0.8768736616702355,0.9424626006904487,1.0747986191024166,0.908485856905158
90,29,irregular,2,292,247,45,213,79,34,0.7294520547945206,0.8623481781376519,1.1821862348178138,0.7903525046382189
90,29,regular,3,1097,1140,43,1094,3,46,0.9972652689152234,0.9596491228070175,0.962280701754386,0.978095663835494
90,29,semiregular,3,855,869,14,780,75,89,0.9122807017543859,0.8975834292289988,0.9838895281933256,0.9048723897911832
90,29,irregular,3,250,247,3,205,45,42,0.82,0.8299595141700404,1.0121457489878543,0.8249496981891349
90,30,regular,1,969,997,28,963,6,34,0.9938080495356038,0.9658976930792377,0.9719157472417251,0.9796541200406917
90,30,semiregular,1,812,810,2,741,71,69,0.9125615763546798,0.9148148148148149,1.002469135802469,0.9136868064118373
90,30,irregular,1,251,250,1,160,91,90,0.6374501992031872,0.64,1.004,0.6387225548902196
90,30,regular,2,933,997,64,930,3,67,0.9967845659163987,0.9327983951855566,0.9358074222668004,0.9637305699481866
90,30,semiregular,2,799,810,11,749,50,61,0.9374217772215269,0.9246913580246914,0.9864197530864197,0.9310130515848354
90,30,irregular,2,243,250,7,193,50,57,0.7942386831275721,0.772,0.972,0.7829614604462476
90,30,regular,3,1022,997,25,994,28,3,0.9726027397260274,0.9969909729187563,1.025075225677031,0.984645864289252
90,30,semiregular,3,801,810,9,757,44,53,0.9450686641697877,0.9345679012345679,0.9888888888888889,0.9397889509621353
90,30,irregular,3,249,250,1,192,57,58,0.7710843373493976,0.768,0.996,0.7695390781563127
105,1,regular,1,941,937,4,931,10,6,0.9893730074388948,0.9935965848452508,1.0042689434364995,0.9914802981895634
105,1,semiregular,1,721,703,18,612,109,91,0.8488210818307905,0.8705547652916074,1.0256045519203414,0.8595505617977528
105,1,irregular,1,179,199,20,132,47,67,0.7374301675977654,0.6633165829145728,0.8994974874371859,0.6984126984126984
105,1,regular,2,945,937,8,916,29,21,0.9693121693121693,0.9775880469583778,1.0085378868729988,0.973432518597237
105,1,semiregular,2,721,703,18,625,96,78,0.8668515950069348,0.8890469416785206,1.0256045519203414,0.877808988764045
105,1,irregular,2,199,199,0,160,39,39,0.8040201005025126,0.8040201005025126,1.0,0.8040201005025126
105,1,regular,3,924,937,13,919,5,18,0.9945887445887446,0.9807897545357525,0.9861259338313767,0.987641053197206
105,1,semiregular,3,710,703,7,623,87,80,0.8774647887323944,0.8862019914651493,1.0099573257467995,0.8818117480537864
105,1,irregular,3,202,199,3,162,40,37,0.801980198019802,0.8140703517587939,1.015075376884422,0.8079800498753117
105,2,regular,1,1173,1224,51,1164,9,60,0.9923273657289002,0.9509803921568627,0.9583333333333334,0.9712140175219023
105,2,semiregular,1,577,647,70,544,33,103,0.9428076256499134,0.8408037094281299,0.8918083462132921,0.888888888888889
105,2,irregular,1,165,217,52,99,66,118,0.6,0.45622119815668205,0.7603686635944701,0.518324607329843
105,2,regular,2,1171,1224,53,1159,12,65,0.9897523484201537,0.9468954248366013,0.9566993464052288,0.9678496868475992
105,2,semiregular,2,635,647,12,608,27,39,0.9574803149606299,0.9397217928902627,0.98145285935085,0.9485179407176285
105,2,irregular,2,234,217,17,181,53,36,0.7735042735042735,0.8341013824884793,1.0783410138248848,0.802660753880266
105,2,regular,3,1202,1224,22,1199,3,25,0.997504159733777,0.9795751633986928,0.9820261437908496,0.9884583676834294
105,2,semiregular,3,643,647,4,609,34,38,0.9471228615863142,0.9412673879443586,0.9938176197836167,0.9441860465116279
105,2,irregular,3,233,217,16,182,51,35,0.7811158798283262,0.8387096774193549,1.0737327188940091,0.8088888888888889
105,3,regular,1,1053,1053,0,1043,10,10,0.9905033238366572,0.9905033238366572,1.0,0.9905033238366572
105,3,semiregular,1,694,716,22,633,61,83,0.9121037463976945,0.8840782122905028,0.9692737430167597,0.8978723404255319
105,3,irregular,1,214,224,10,145,69,79,0.677570093457944,0.6473214285714286,0.9553571428571429,0.6621004566210046
105,3,regular,2,1017,1053,36,1006,11,47,0.9891838741396264,0.9553656220322887,0.9658119658119658,0.9719806763285025
105,3,semiregular,2,729,716,13,661,68,55,0.906721536351166,0.9231843575418994,1.0181564245810055,0.914878892733564
105,3,irregular,2,220,224,4,175,45,49,0.7954545454545454,0.78125,0.9821428571428571,0.7882882882882883
105,3,regular,3,1025,1053,28,1022,3,31,0.9970731707317073,0.9705603038936372,0.97340930674264,0.9836381135707412
105,3,semiregular,3,719,716,3,659,60,57,0.9165507649513213,0.9203910614525139,1.0041899441340782,0.9184668989547039
105,3,irregular,3,229,224,5,184,45,40,0.8034934497816594,0.8214285714285714,1.0223214285714286,0.8123620309050774
105,4,regular,1,1104,1101,3,1083,21,18,0.9809782608695652,0.9836512261580381,1.002724795640327,0.982312925170068
105,4,semiregular,1,608,614,6,518,90,96,0.8519736842105263,0.8436482084690554,0.990228013029316,0.8477905073649754
105,4,irregular,1,202,228,26,127,75,101,0.6287128712871287,0.5570175438596491,0.8859649122807017,0.5906976744186047
105,4,regular,2,1106,1101,5,1095,11,6,0.9900542495479204,0.9945504087193461,1.0045413260672116,0.9922972360670593
105,4,semiregular,2,620,614,6,554,66,60,0.8935483870967742,0.9022801302931596,1.009771986970684,0.8978930307941653
105,4,irregular,2,240,228,12,190,50,38,0.7916666666666666,0.8333333333333334,1.0526315789473684,0.811965811965812
105,4,regular,3,1083,1101,18,1081,2,20,0.9981532779316713,0.9818346957311535,0.9836512261580381,0.98992673992674
105,4,semiregular,3,603,614,11,541,62,73,0.8971807628524047,0.8811074918566775,0.9820846905537459,0.8890714872637633
105,4,irregular,3,248,228,20,190,58,38,0.7661290322580645,0.8333333333333334,1.087719298245614,0.7983193277310924
105,5,regular,1,1046,1044,2,1038,8,6,0.9923518164435946,0.9942528735632183,1.0019157088122606,0.9933014354066986
105,5,semiregular,1,738,668,70,628,110,40,0.8509485094850948,0.9401197604790419,1.1047904191616766,0.8933143669985775
105,5,irregular,1,206,217,11,138,68,79,0.6699029126213593,0.6359447004608295,0.9493087557603687,0.6524822695035462
105,5,regular,2,1055,1044,11,1043,12,1,0.9886255924170616,0.9990421455938697,1.010536398467433,0.993806574559314
105,5,semiregular,2,699,668,31,619,80,49,0.8855507868383404,0.9266467065868264,1.0464071856287425,0.9056327724945136
105,5,irregular,2,220,217,3,173,47,44,0.7863636363636364,0.7972350230414746,1.0138248847926268,0.7917620137299771
105,5,regular,3,1027,1044,17,1025,2,19,0.9980525803310614,0.9818007662835249,0.9837164750957854,0.9898599710284887
105,5,semiregular,3,678,668,10,606,72,62,0.8938053097345132,0.907185628742515,1.0149700598802396,0.900445765230312
105,5,irregular,3,228,217,11,177,51,40,0.7763157894736842,0.815668202764977,1.0506912442396312,0.7955056179775281
105,6,regular,1,866,915,49,851,15,64,0.9826789838337182,0.9300546448087431,0.946448087431694,0.9556428972487366
105,6,semiregular,1,702,701,1,644,58,57,0.9173789173789174,0.9186875891583453,1.0014265335235377,0.918032786885246
105,6,irregular,1,186,195,9,113,73,82,0.6075268817204301,0.5794871794871795,0.9538461538461539,0.5931758530183727
105,6,regular,2,953,915,38,915,38,0,0.9601259181532005,1.0,1.0415300546448087,0.9796573875802999
105,6,semiregular,2,718,701,17,655,63,46,0.9122562674094707,0.9343794579172611,1.0242510699001426,0.923185341789993
105,6,irregular,2,181,195,14,127,54,68,0.7016574585635359,0.6512820512820513,0.9282051282051282,0.675531914893617
105,6,regular,3,892,915,23,889,3,26,0.9966367713004485,0.9715846994535519,0.9748633879781421,0.983951300498063
105,6,semiregular,3,714,701,13,655,59,46,0.9173669467787114,0.9343794579172611,1.0185449358059915,0.9257950530035335
105,6,irregular,3,212,195,17,168,44,27,0.7924528301886793,0.8615384615384616,1.087179487179487,0.8255528255528256
105,7,regular,1,1236,1230,6,1217,19,13,0.9846278317152104,0.989430894308943,1.0048780487804878,0.9870235198702352
105,7,semiregular,1,790,761,29,690,100,71,0.8734177215189873,0.9067017082785808,1.038107752956636,0.8897485493230173
105,7,irregular,1,196,225,29,114,82,111,0.5816326530612245,0.5066666666666667,0.8711111111111111,0.5415676959619953
105,7,regular,2,1234,1230,4,1212,22,18,0.9821717990275527,0.9853658536585366,1.0032520325203251,0.9837662337662338
105,7,semiregular,2,756,761,5,671,85,90,0.8875661375661376,0.8817345597897503,0.9934296977660972,0.8846407382992749
105,7,irregular,2,206,225,19,172,34,53,0.8349514563106796,0.7644444444444445,0.9155555555555556,0.7981438515081206
105,7,regular,3,1206,1230,24,1205,1,25,0.9991708126036484,0.9796747967479674,0.9804878048780488,0.9893267651888341
105,7,semiregular,3,761,761,0,679,82,82,0.8922470433639947,0.8922470433639947,1.0,0.8922470433639947
105,7,irregular,3,232,225,7,194,38,31,0.8362068965517241,0.8622222222222222,1.031111111111111,0.8490153172866521
105,8,regular,1,1020,1035,15,1011,9,24,0.9911764705882353,0.9768115942028985,0.9855072463768116,0.983941605839416
105,8,semiregular,1,810,827,17,732,78,95,0.9037037037037037,0.8851269649334945,0.9794437726723095,0.8943188759926695
105,8,irregular,1,238,243,5,141,97,102,0.592436974789916,0.5802469135802469,0.9794238683127572,0.5862785862785863
105,8,regular,2,1034,1035,1,1023,11,12,0.9893617021276596,0.9884057971014493,0.9990338164251208,0.9888835186080233
105,8,semiregular,2,823,827,4,756,67,71,0.9185905224787363,0.9141475211608222,0.9951632406287787,0.9163636363636363
105,8,irregular,2,232,243,11,171,61,72,0.7370689655172413,0.7037037037037037,0.9547325102880658,0.72
105,8,regular,3,1019,1035,16,1016,3,19,0.9970559371933267,0.9816425120772947,0.9845410628019323,0.9892891918208374
105,8,semiregular,3,840,827,13,767,73,60,0.9130952380952381,0.9274486094316807,1.0157194679564692,0.9202159568086383
105,8,irregular,3,250,243,7,185,65,58,0.74,0.7613168724279835,1.02880658436214,0.7505070993914806
105,9,regular,1,1092,1107,15,1085,7,22,0.9935897435897436,0.980126467931346,0.986449864498645,0.98681218735789
105,9,semiregular,1,661,701,40,622,39,79,0.9409984871406959,0.8873038516405135,0.9429386590584878,0.9133627019089574
105,9,irregular,1,203,266,63,128,75,138,0.6305418719211823,0.48120300751879697,0.7631578947368421,0.5458422174840085
105,9,regular,2,1074,1107,33,1065,9,42,0.9916201117318436,0.962059620596206,0.9701897018970189,0.9766162310866575
105,9,semiregular,2,655,701,46,618,37,83,0.9435114503816794,0.8815977175463623,0.9343794579172611,0.9115044247787611
105,9,irregular,2,259,266,7,212,47,54,0.8185328185328186,0.7969924812030075,0.9736842105263158,0.8076190476190476
105,9,regular,3,1073,1107,34,1070,3,37,0.9972041006523765,0.966576332429991,0.969286359530262,0.9816513761467889
105,9,semiregular,3,703,701,2,663,40,38,0.9431009957325747,0.9457917261055635,1.0028530670470757,0.9444444444444444
105,9,irregular,3,264,266,2,213,51,53,0.8068181818181818,0.8007518796992481,0.9924812030075187,0.8037735849056603
105,10,regular,1,1032,1014,18,1005,27,9,0.9738372093023255,0.9911242603550295,1.017751479289941,0.9824046920821115
105,10,semiregular,1,672,656,16,616,56,40,0.9166666666666666,0.9390243902439024,1.024390243902439,0.9277108433734941
105,10,irregular,1,211,247,36,161,50,86,0.7630331753554502,0.6518218623481782,0.854251012145749,0.703056768558952
105,10,regular,2,1028,1014,14,999,29,15,0.9717898832684825,0.985207100591716,1.0138067061143985,0.9784524975514203
105,10,semiregular,2,696,656,40,623,73,33,0.8951149425287356,0.9496951219512195,1.0609756097560976,0.9215976331360947
105,10,irregular,2,250,247,3,210,40,37,0.84,0.8502024291497976,1.0121457489878543,0.8450704225352113
105,10,regular,3,999,1014,15,995,4,19,0.995995995995996,0.9812623274161736,0.985207100591716,0.9885742672627919
105,10,semiregular,3,645,656,11,599,46,57,0.9286821705426357,0.913109756097561,0.9832317073170732,0.9208301306687163
105,10,irregular,3,252,247,5,208,44,39,0.8253968253968254,0.8421052631578947,1.0202429149797572,0.8336673346693386
105,11,regular,1,1073,1070,3,1060,13,10,0.9878844361602982,0.9906542056074766,1.002803738317757,0.9892673821745217
105,11,semiregular,1,714,700,14,624,90,76,0.8739495798319328,0.8914285714285715,1.02,0.8826025459688827
105,11,irregular,1,215,239,24,146,69,93,0.6790697674418604,0.6108786610878661,0.899581589958159,0.6431718061674009
105,11,regular,2,1064,1070,6,1055,9,15,0.9915413533834586,0.985981308411215,0.994392523364486,0.9887535145267103
105,11,semiregular,2,712,700,12,637,75,63,0.8946629213483146,0.91,1.0171428571428571,0.9022662889518415
105,11,irregular,2,216,239,23,175,41,64,0.8101851851851852,0.7322175732217573,0.9037656903765691,0.7692307692307692
105,11,regular,3,1055,1070,15,1053,2,17,0.9981042654028436,0.9841121495327103,0.985981308411215,0.9910588235294118
105,11,semiregular,3,700,700,0,638,62,62,0.9114285714285715,0.9114285714285715,1.0,0.9114285714285715
105,11,irregular,3,235,239,4,186,49,53,0.7914893617021277,0.7782426778242678,0.9832635983263598,0.7848101265822784
105,12,regular,1,1031,1007,24,1007,24,0,0.976721629485936,1.0,1.0238331678252235,0.9882237487733072
105,12,semiregular,1,698,641,57,590,108,51,0.8452722063037249,0.9204368174726989,1.0889235569422777,0.8812546676624347
105,12,irregular,1,229,204,25,163,66,41,0.7117903930131004,0.7990196078431373,1.1225490196078431,0.7528868360277137
105,12,regular,2,1027,1007,20,1007,20,0,0.9805258033106135,1.0,1.0198609731876862,0.9901671583087512
105,12,semiregular,2,681,641,40,590,91,51,0.8663729809104258,0.9204368174726989,1.062402496099844,0.8925869894099847
105,12,irregular,2,236,204,32,171,65,33,0.7245762711864406,0.8382352941176471,1.1568627450980393,0.7772727272727273
105,12,regular,3,987,1007,20,986,1,21,0.9989868287740629,0.9791459781529295,0.9801390268123138,0.9889669007021062
105,12,semiregular,3,642,641,1,572,70,69,0.8909657320872274,0.8923556942277691,1.001560062402496,0.8916601714731098
105,12,irregular,3,226,204,22,170,56,34,0.7522123893805309,0.8333333333333334,1.107843137254902,0.7906976744186047
105,13,regular,1,981,1000,19,979,2,21,0.9979612640163099,0.979,0.981,0.9883897021706209
105,13,semiregular,1,859,815,44,779,80,36,0.9068684516880093,0.9558282208588957,1.0539877300613496,0.930704898446834
105,13,irregular,1,262,216,46,162,100,54,0.6183206106870229,0.75,1.212962962962963,0.6778242677824268
105,13,regular,2,977,1000,23,971,6,29,0.9938587512794268,0.971,0.977,0.9822964087000506
105,13,semiregular,2,845,815,30,786,59,29,0.9301775147928995,0.9644171779141104,1.0368098159509203,0.946987951807229
105,13,irregular,2,236,216,20,181,55,35,0.7669491525423728,0.8379629629629629,1.0925925925925926,0.8008849557522124
105,13,regular,3,982,1000,18,981,1,19,0.9989816700610998,0.981,0.982,0.9899091826437941
105,13,semiregular,3,818,815,3,763,55,52,0.9327628361858191,0.9361963190184049,1.003680981595092,0.9344764237599511
105,13,irregular,3,229,216,13,182,47,34,0.7947598253275109,0.8425925925925926,1.0601851851851851,0.8179775280898877
105,14,regular,1,1022,1052,30,1020,2,32,0.9980430528375733,0.9695817490494296,0.9714828897338403,0.9836065573770493
105,14,semiregular,1,870,913,43,812,58,101,0.9333333333333333,0.8893756845564075,0.9529025191675794,0.9108244531688166
105,14,irregular,1,201,217,16,136,65,81,0.6766169154228856,0.6267281105990783,0.9262672811059908,0.6507177033492823
105,14,regular,2,1015,1052,37,1008,7,44,0.993103448275862,0.9581749049429658,0.964828897338403,0.9753265602322206
105,14,semiregular,2,906,913,7,840,66,73,0.9271523178807947,0.9200438116100766,0.9923329682365827,0.9235843870258383
105,14,irregular,2,235,217,18,175,60,42,0.7446808510638298,0.8064516129032258,1.0829493087557605,0.7743362831858407
105,14,regular,3,1032,1052,20,1032,0,20,1.0,0.9809885931558935,0.9809885931558935,0.9904030710172744
105,14,semiregular,3,901,913,12,847,54,66,0.9400665926748057,0.927710843373494,0.9868565169769989,0.9338478500551267
105,14,irregular,3,221,217,4,174,47,43,0.7873303167420814,0.8018433179723502,1.0184331797235022,0.7945205479452054
105,15,regular,1,998,964,34,964,34,0,0.9659318637274549,1.0,1.0352697095435686,0.9826707441386341
105,15,semiregular,1,802,774,28,725,77,49,0.9039900249376559,0.9366925064599483,1.0361757105943152,0.9200507614213198
105,15,irregular,1,184,218,34,154,30,64,0.8369565217391305,0.7064220183486238,0.8440366972477065,0.7661691542288558
105,15,regular,2,958,964,6,948,10,16,0.9895615866388309,0.983402489626556,0.9937759336099585,0.9864724245577523
105,15,semiregular,2,768,774,6,715,53,59,0.9309895833333334,0.9237726098191215,0.9922480620155039,0.927367055771725
105,15,irregular,2,209,218,9,180,29,38,0.861244019138756,0.8256880733944955,0.9587155963302753,0.8430913348946136
105,15,regular,3,949,964,15,946,3,18,0.9968387776606955,0.9813278008298755,0.9844398340248963,0.989022477783586
105,15,semiregular,3,759,774,15,708,51,66,0.932806324110672,0.9147286821705426,0.9806201550387597,0.923679060665362
105,15,irregular,3,218,218,0,178,40,40,0.8165137614678899,0.8165137614678899,1.0,0.81651376146789
105,16,regular,1,1105,1109,4,1098,7,11,0.9936651583710407,0.9900811541929666,0.9963931469792606,0.9918699186991871
105,16,semiregular,1,680,681,1,596,84,85,0.8764705882352941,0.8751835535976505,0.9985315712187959,0.8758265980896399
105,16,irregular,1,203,272,69,117,86,155,0.5763546798029556,0.43014705882352944,0.7463235294117647,0.4926315789473685
105,16,regular,2,1146,1109,37,1108,38,1,0.9668411867364747,0.9990982867448152,1.0333633904418396,0.9827050997782706
105,16,semiregular,2,679,681,2,607,72,74,0.8939617083946981,0.8913362701908958,0.9970631424375918,0.8926470588235295
105,16,irregular,2,261,272,11,201,60,71,0.7701149425287356,0.7389705882352942,0.9595588235294118,0.7542213883677298
105,16,regular,3,1096,1109,13,1093,3,16,0.9972627737226277,0.9855725879170424,0.9882777276825969,0.9913832199546485
105,16,semiregular,3,658,681,23,595,63,86,0.9042553191489362,0.8737151248164464,0.9662261380323054,0.8887229275578791
105,16,irregular,3,267,272,5,219,48,53,0.8202247191011236,0.8051470588235294,0.9816176470588235,0.8126159554730984
105,17,regular,1,1036,1029,7,1027,9,2,0.9913127413127413,0.9980563654033042,1.0068027210884354,0.9946731234866828
105,17,semiregular,1,850,837,13,764,86,73,0.8988235294117647,0.9127837514934289,1.015531660692951,0.905749851807943
105,17,irregular,1,218,240,22,125,93,115,0.573394495412844,0.5208333333333334,0.9083333333333333,0.5458515283842794
105,17,regular,2,1013,1029,16,1006,7,23,0.9930898321816387,0.9776482021379981,0.9844509232264335,0.9853085210577865
105,17,semiregular,2,860,837,23,793,67,44,0.922093023255814,0.9474313022700119,1.027479091995221,0.9345904537418974
105,17,irregular,2,288,240,48,191,97,49,0.6631944444444444,0.7958333333333333,1.2,0.7234848484848485
105,17,regular,3,1014,1029,15,1013,1,16,0.9990138067061144,0.9844509232264335,0.9854227405247813,0.9916789035731767
105,17,semiregular,3,841,837,4,777,64,60,0.9239001189060642,0.9283154121863799,1.004778972520908,0.9261025029797378
105,17,irregular,3,255,240,15,186,69,54,0.7294117647058823,0.775,1.0625,0.7515151515151516
105,18,regular,1,1044,1044,0,1035,9,9,0.9913793103448276,0.9913793103448276,1.0,0.9913793103448276
105,18,semiregular,1,791,801,10,736,55,65,0.9304677623261695,0.9188514357053683,0.9875156054931336,0.9246231155778896
105,18,irregular,1,167,252,85,125,42,127,0.7485029940119761,0.49603174603174605,0.6626984126984127,0.5966587112171837
105,18,regular,2,1079,1044,35,1042,37,2,0.9657089898053753,0.9980842911877394,1.0335249042145593,0.9816297691945359
105,18,semiregular,2,829,801,28,764,65,37,0.9215922798552473,0.9538077403245943,1.034956304619226,0.9374233128834356
105,18,irregular,2,266,252,14,206,60,46,0.7744360902255639,0.8174603174603174,1.0555555555555556,0.7953667953667953
105,18,regular,3,1035,1044,9,1034,1,10,0.9990338164251208,0.9904214559386973,0.9913793103448276,0.9947089947089947
105,18,semiregular,3,810,801,9,767,43,34,0.9469135802469136,0.9575530586766542,1.0112359550561798,0.952203600248293
105,18,irregular,3,264,252,12,219,45,33,0.8295454545454546,0.8690476190476191,1.0476190476190477,0.8488372093023256
105,19,regular,1,1063,1076,13,1051,12,25,0.9887111947318908,0.9767657992565055,0.9879182156133829,0.9827021972884525
105,19,semiregular,1,744,753,9,686,58,67,0.9220430107526881,0.9110225763612217,0.9880478087649402,0.916499665998664
105,19,irregular,1,261,245,16,166,95,79,0.6360153256704981,0.6775510204081633,1.0653061224489795,0.6561264822134387
105,19,regular,2,1100,1076,24,1073,27,3,0.9754545454545455,0.9972118959107806,1.0223048327137547,0.9862132352941176
105,19,semiregular,2,740,753,13,689,51,64,0.9310810810810811,0.9150066401062417,0.9827357237715804,0.9229738780977896
105,19,irregular,2,267,245,22,203,64,42,0.7602996254681648,0.8285714285714286,1.089795918367347,0.79296875
105,19,regular,3,1058,1076,18,1056,2,20,0.998109640831758,0.9814126394052045,0.983271375464684,0.9896907216494846
105,19,semiregular,3,725,753,28,676,49,77,0.9324137931034483,0.897742363877822,0.9628154050464808,0.9147496617050067
105,19,irregular,3,255,245,10,193,62,52,0.7568627450980392,0.7877551020408163,1.0408163265306123,0.772
105,20,regular,1,1211,1251,40,1203,8,48,0.9933938893476466,0.9616306954436451,0.9680255795363709,0.9772542648253453
105,20,semiregular,1,870,841,29,764,106,77,0.8781609195402299,0.9084423305588585,1.0344827586206897,0.8930450029222676
105,20,irregular,1,262,252,10,156,106,96,0.5954198473282443,0.6190476190476191,1.0396825396825398,0.6070038910505837
105,20,regular,2,1237,1251,14,1221,16,30,0.9870654810024252,0.9760191846522782,0.9888089528377298,0.9815112540192925
105,20,semiregular,2,843,841,2,765,78,76,0.9074733096085409,0.9096313912009513,1.0023781212841856,0.9085510688836105
105,20,irregular,2,258,252,6,200,58,52,0.7751937984496124,0.7936507936507936,1.0238095238095237,0.7843137254901961
105,20,regular,3,1200,1251,51,1198,2,53,0.9983333333333333,0.9576338928856915,0.9592326139088729,0.9775601795185639
105,20,semiregular,3,837,841,4,751,86,90,0.8972520908004779,0.8929845422116528,0.995243757431629,0.8951132300357568
105,20,irregular,3,255,252,3,203,52,49,0.796078431372549,0.8055555555555556,1.0119047619047619,0.8007889546351085
105,21,regular,1,947,920,27,917,30,3,0.9683210137275607,0.9967391304347826,1.0293478260869566,0.9823245848955544
105,21,semiregular,1,577,549,28,476,101,73,0.8249566724436742,0.8670309653916212,1.0510018214936248,0.8454706927175845
105,21,irregular,1,205,204,1,152,53,52,0.7414634146341463,0.7450980392156863,1.0049019607843137,0.7432762836185819
105,21,regular,2,932,920,12,915,17,5,0.9817596566523605,0.9945652173913043,1.0130434782608695,0.9881209503239741
105,21,semiregular,2,586,549,37,501,85,48,0.8549488054607508,0.912568306010929,1.0673952641165756,0.8828193832599119
105,21,irregular,2,210,204,6,169,41,35,0.8047619047619048,0.8284313725490197,1.0294117647058822,0.8164251207729469
105,21,regular,3,903,920,17,900,3,20,0.9966777408637874,0.9782608695652174,0.9815217391304348,0.9873834339001645
105,21,semiregular,3,570,549,21,489,81,60,0.8578947368421053,0.8907103825136612,1.0382513661202186,0.8739946380697051
105,21,irregular,3,206,204,2,173,33,31,0.8398058252427184,0.8480392156862745,1.0098039215686274,0.8439024390243902
105,22,regular,1,992,946,46,939,53,7,0.9465725806451613,0.992600422832981,1.0486257928118394,0.9690402476780186
105,22,semiregular,1,716,703,13,637,79,66,0.8896648044692738,0.9061166429587483,1.0184921763869133,0.8978153629316421
105,22,irregular,1,195,247,52,140,55,107,0.717948717948718,0.5668016194331984,0.7894736842105263,0.6334841628959276
105,22,regular,2,978,946,32,944,34,2,0.9652351738241309,0.9978858350951374,1.0338266384778012,0.9812889812889813
105,22,semiregular,2,701,703,2,642,59,61,0.9158345221112696,0.9132290184921764,0.9971550497866287,0.9145299145299145
105,22,irregular,2,231,247,16,184,47,63,0.7965367965367965,0.7449392712550608,0.9352226720647774,0.7698744769874477
105,22,regular,3,934,946,12,931,3,15,0.9967880085653105,0.9841437632135307,0.9873150105708245,0.9904255319148936
105,22,semiregular,3,695,703,8,640,55,63,0.920863309352518,0.9103840682788051,0.9886201991465149,0.9155937052932761
105,22,irregular,3,253,247,6,198,55,49,0.782608695652174,0.8016194331983806,1.0242914979757085,0.792
105,23,regular,1,987,999,12,977,10,22,0.9898682877406282,0.977977977977978,0.987987987987988,0.9838872104733133
105,23,semiregular,1,876,835,41,780,96,55,0.8904109589041096,0.9341317365269461,1.0491017964071856,0.9117475160724723
105,23,irregular,1,291,266,25,141,150,125,0.4845360824742268,0.5300751879699248,1.093984962406015,0.5062836624775583
105,23,regular,2,997,999,2,982,15,17,0.9849548645937813,0.982982982982983,0.997997997997998,0.9839679358717435
105,23,semiregular,2,824,835,11,755,69,80,0.9162621359223301,0.9041916167664671,0.9868263473053892,0.9101868595539481
105,23,irregular,2,264,266,2,192,72,74,0.7272727272727273,0.7218045112781954,0.9924812030075187,0.7245283018867925
105,23,regular,3,989,999,10,982,7,17,0.9929221435793731,0.982982982982983,0.98998998998999,0.9879275653923542
105,23,semiregular,3,844,835,9,762,82,73,0.9028436018957346,0.9125748502994012,1.0107784431137725,0.9076831447290055
105,23,irregular,3,269,266,3,200,69,66,0.7434944237918215,0.7518796992481203,1.0112781954887218,0.7476635514018691
105,24,regular,1,1107,1079,28,1079,28,0,0.974706413730804,1.0,1.025949953660797,0.9871912168344007
105,24,semiregular,1,658,680,22,602,56,78,0.9148936170212766,0.8852941176470588,0.9676470588235294,0.8998505231689089
105,24,irregular,1,169,247,78,131,38,116,0.7751479289940828,0.5303643724696356,0.6842105263157895,0.6298076923076923
105,24,regular,2,1066,1079,13,1052,14,27,0.9868667917448405,0.9749768303985171,0.9879518072289156,0.9808857808857808
105,24,semiregular,2,667,680,13,625,42,55,0.9370314842578711,0.9191176470588235,0.9808823529411764,0.9279881217520415
105,24,irregular,2,240,247,7,203,37,44,0.8458333333333333,0.8218623481781376,0.97165991902834,0.8336755646817249
105,24,regular,3,1055,1079,24,1051,4,28,0.9962085308056872,0.974050046339203,0.9777571825764597,0.9850046860356139
105,24,semiregular,3,680,680,0,641,39,39,0.9426470588235294,0.9426470588235294,1.0,0.9426470588235294
105,24,irregular,3,247,247,0,211,36,36,0.854251012145749,0.854251012145749,1.0,0.854251012145749
105,25,regular,1,966,946,20,945,21,1,0.9782608695652174,0.9989429175475687,1.0211416490486258,0.9884937238493724
105,25,semiregular,1,693,718,25,615,78,103,0.8874458874458875,0.8565459610027855,0.9651810584958217,0.8717221828490432
105,25,irregular,1,214,207,7,129,85,78,0.602803738317757,0.6231884057971014,1.0338164251207729,0.6128266033254157
105,25,regular,2,921,946,25,915,6,31,0.993485342019544,0.96723044397463,0.9735729386892178,0.9801821103374397
105,25,semiregular,2,710,718,8,637,73,81,0.8971830985915493,0.8871866295264624,0.9888579387186629,0.8921568627450981
105,25,irregular,2,215,207,8,135,80,72,0.627906976744186,0.6521739130434783,1.038647342995169,0.6398104265402844
105,25,regular,3,782,946,164,781,1,165,0.9987212276214834,0.8255813953488372,0.8266384778012685,0.9039351851851852
105,25,semiregular,3,594,718,124,541,53,177,0.9107744107744108,0.7534818941504178,0.8272980501392758,0.8246951219512196
105,25,irregular,3,229,207,22,145,84,62,0.6331877729257642,0.7004830917874396,1.106280193236715,0.6651376146788991
105,26,regular,1,995,985,10,970,25,15,0.9748743718592965,0.9847715736040609,1.0101522842639594,0.9797979797979797
105,26,semiregular,1,774,720,54,674,100,46,0.8708010335917312,0.9361111111111111,1.075,0.9022757697456493
105,26,irregular,1,289,214,75,174,115,40,0.6020761245674741,0.8130841121495327,1.3504672897196262,0.6918489065606362
105,26,regular,2,650,985,335,635,15,350,0.9769230769230769,0.6446700507614214,0.6598984771573604,0.7767584097859327
105,26,semiregular,2,630,720,90,578,52,142,0.9174603174603174,0.8027777777777778,0.875,0.8562962962962962
105,26,irregular,2,262,214,48,162,100,52,0.6183206106870229,0.7570093457943925,1.2242990654205608,0.680672268907563
105,26,regular,3,1026,985,41,980,46,5,0.9551656920077972,0.9949238578680203,1.0416243654822335,0.9746394828443561
105,26,semiregular,3,752,720,32,659,93,61,0.8763297872340425,0.9152777777777777,1.0444444444444445,0.8953804347826086
105,26,irregular,3,283,214,69,178,105,36,0.6289752650176679,0.8317757009345794,1.3224299065420562,0.716297786720322
105,27,regular,1,1114,1166,52,1103,11,63,0.9901256732495511,0.9459691252144082,0.9554030874785592,0.9675438596491227
105,27,semiregular,1,601,728,127,540,61,188,0.8985024958402662,0.7417582417582418,0.8255494505494505,0.8126410835214446
105,27,irregular,1,175,270,95,134,41,136,0.7657142857142857,0.4962962962962963,0.6481481481481481,0.6022471910112359
105,27,regular,2,1012,1166,154,1000,12,166,0.9881422924901185,0.8576329331046312,0.8679245283018868,0.9182736455463728
105,27,semiregular,2,731,728,3,665,66,63,0.9097127222982216,0.9134615384615384,1.004120879120879,0.9115832762165866
105,27,irregular,2,273,270,3,224,49,46,0.8205128205128205,0.8296296296296296,1.011111111111111,0.8250460405156538
105,27,regular,3,1148,1166,18,1146,2,20,0.9982578397212544,0.9828473413379074,0.9845626072041166,0.9904926534140018
105,27,semiregular,3,708,728,20,653,55,75,0.922316384180791,0.896978021978022,0.9725274725274725,0.9094707520891365
105,27,irregular,3,271,270,1,222,49,48,0.8191881918819188,0.8222222222222222,1.0037037037037038,0.8207024029574861
105,28,regular,1,1088,1098,10,1071,17,27,0.984375,0.9754098360655737,0.9908925318761385,0.979871912168344
105,28,semiregular,1,883,859,24,797,86,62,0.9026047565118913,0.9278230500582072,1.0279394644935973,0.9150401836969001
105,28,irregular,1,256,293,37,150,106,143,0.5859375,0.5119453924914675,0.8737201365187713,0.5464480874316939
105,28,regular,2,1094,1098,4,1076,18,22,0.9835466179159049,0.9799635701275046,0.9963570127504554,0.9817518248175182
105,28,semiregular,2,852,859,7,786,66,73,0.9225352112676056,0.9150174621653085,0.9918509895227008,0.918760958503799
105,28,irregular,2,300,293,7,206,94,87,0.6866666666666666,0.7030716723549488,1.023890784982935,0.6947723440134908
105,28,regular,3,1048,1098,50,1047,1,51,0.9990458015267175,0.953551912568306,0.9544626593806922,0.9757688723205964
105,28,semiregular,3,827,859,32,770,57,89,0.9310761789600968,0.8963911525029103,0.9627473806752037,0.9134045077105575
105,28,irregular,3,308,293,15,203,105,90,0.6590909090909091,0.6928327645051194,1.0511945392491469,0.6755407653910149
105,29,regular,1,1152,1140,12,1136,16,4,0.9861111111111112,0.9964912280701754,1.0105263157894737,0.9912739965095986
105,29,semiregular,1,924,869,55,805,119,64,0.8712121212121212,0.9263521288837745,1.0632911392405062,0.8979364194088121
105,29,irregular,1,210,247,37,159,51,88,0.7571428571428571,0.6437246963562753,0.8502024291497976,0.6958424507658643
105,29,regular,2,1096,1140,44,1084,12,56,0.9890510948905109,0.9508771929824561,0.9614035087719298,0.9695885509838997
105,29,semiregular,2,947,869,78,823,124,46,0.8690601900739177,0.9470655926352128,1.0897583429228999,0.9063876651982379
105,29,irregular,2,276,247,29,204,72,43,0.7391304347826086,0.8259109311740891,1.1174089068825912,0.780114722753346
105,29,regular,3,1048,1140,92,1047,1,93,0.9990458015267175,0.9184210526315789,0.9192982456140351,0.9570383912248628
105,29,semiregular,3,879,869,10,773,106,96,0.8794084186575654,0.8895281933256617,1.0115074798619101,0.8844393592677345
105,29,irregular,3,265,247,18,206,59,41,0.7773584905660378,0.8340080971659919,1.0728744939271255,0.8046875000000001
105,30,regular,1,970,997,27,965,5,32,0.9948453608247423,0.9679037111334002,0.9729187562688064,0.9811896288764617
105,30,semiregular,1,813,810,3,741,72,69,0.9114391143911439,0.9148148148148149,1.0037037037037038,0.9131238447319778
105,30,irregular,1,234,250,16,153,81,97,0.6538461538461539,0.612,0.936,0.6322314049586777
105,30,regular,2,884,997,113,881,3,116,0.996606334841629,0.8836509528585758,0.8866599799398195,0.936735778841042
105,30,semiregular,2,823,810,13,765,58,45,0.9295261239368166,0.9444444444444444,1.0160493827160493,0.9369259032455604
105,30,irregular,2,243,250,7,193,50,57,0.7942386831275721,0.772,0.972,0.7829614604462476
105,30,regular,3,977,997,20,976,1,21,0.9989764585465711,0.9789368104312939,0.9799398194583752,0.988855116514691
105,30,semiregular,3,807,810,3,747,60,63,0.9256505576208178,0.9222222222222223,0.9962962962962963,0.9239332096474954
105,30,irregular,3,264,250,14,197,67,53,0.7462121212121212,0.788,1.056,0.7665369649805447
120,1,regular,1,939,937,2,926,13,11,0.9861554845580405,0.9882604055496265,1.0021344717182497,0.9872068230277186
120,1,semiregular,1,688,703,15,602,86,101,0.875,0.8563300142247511,0.9786628733997155,0.8655643421998563
120,1,irregular,1,218,199,19,152,66,47,0.6972477064220184,0.7638190954773869,1.0954773869346734,0.7290167865707434
120,1,regular,2,954,937,17,921,33,16,0.9654088050314465,0.9829242262540021,1.0181430096051227,0.9740877842411422
120,1,semiregular,2,726,703,23,618,108,85,0.8512396694214877,0.8790896159317212,1.0327169274537695,0.8649405178446467
120,1,irregular,2,200,199,1,160,40,39,0.8,0.8040201005025126,1.0050251256281406,0.8020050125313284
120,1,regular,3,953,937,16,933,20,4,0.9790136411332634,0.9957310565635006,1.017075773745998,0.9873015873015873
120,1,semiregular,3,735,703,32,633,102,70,0.8612244897959184,0.9004267425320057,1.0455192034139402,0.8803894297635605
120,1,irregular,3,193,199,6,153,40,46,0.7927461139896373,0.7688442211055276,0.9698492462311558,0.7806122448979592
120,2,regular,1,1195,1224,29,1185,10,39,0.9916317991631799,0.9681372549019608,0.9763071895424836,0.9797436957420421
120,2,semiregular,1,574,647,73,541,33,106,0.9425087108013938,0.8361669242658424,0.8871715610510046,0.8861588861588863
120,2,irregular,1,224,217,7,139,85,78,0.6205357142857143,0.6405529953917051,1.032258064516129,0.6303854875283446
120,2,regular,2,1210,1224,14,1197,13,27,0.9892561983471074,0.9779411764705882,0.988562091503268,0.9835661462612982
120,2,semiregular,2,602,647,45,571,31,76,0.9485049833887044,0.8825347758887172,0.9304482225656878,0.9143314651721378
120,2,irregular,2,231,217,14,172,59,45,0.7445887445887446,0.7926267281105991,1.064516129032258,0.7678571428571429
120,2,regular,3,1242,1224,18,1216,26,8,0.9790660225442834,0.9934640522875817,1.0147058823529411,0.9862124898621251
120,2,semiregular,3,657,647,10,611,46,36,0.9299847792998478,0.9443585780525502,1.0154559505409582,0.9371165644171778
120,2,irregular,3,221,217,4,173,48,44,0.7828054298642534,0.7972350230414746,1.0184331797235022,0.7899543378995434
120,3,regular,1,1037,1053,16,1029,8,24,0.9922854387656702,0.9772079772079773,0.9848053181386515,0.9846889952153111
120,3,semiregular,1,685,716,31,616,69,100,0.8992700729927007,0.8603351955307262,0.9567039106145251,0.8793718772305495
120,3,irregular,1,230,224,6,161,69,63,0.7,0.71875,1.0267857142857142,0.7092511013215859
120,3,regular,2,1000,1053,53,988,12,65,0.988,0.9382716049382716,0.949667616334283,0.9624939113492449
120,3,semiregular,2,736,716,20,658,78,58,0.8940217391304348,0.9189944134078212,1.0279329608938548,0.90633608815427
120,3,irregular,2,230,224,6,178,52,46,0.7739130434782608,0.7946428571428571,1.0267857142857142,0.7841409691629956
120,3,regular,3,1060,1053,7,1049,11,4,0.9896226415094339,0.9962013295346629,1.00664767331434,0.9929010884997633
120,3,semiregular,3,731,716,15,667,64,49,0.9124487004103967,0.9315642458100558,1.020949720670391,0.9219073946095371
120,3,irregular,3,213,224,11,168,45,56,0.7887323943661971,0.75,0.9508928571428571,0.7688787185354692
120,4,regular,1,1121,1101,20,1098,23,3,0.9794826048171276,0.997275204359673,1.0181653042688465,0.9882988298829883
120,4,semiregular,1,592,614,22,518,74,96,0.875,0.8436482084690554,0.9641693811074918,0.8590381426202323
120,4,irregular,1,256,228,28,162,94,66,0.6328125,0.7105263157894737,1.1228070175438596,0.6694214876033058
120,4,regular,2,1109,1101,8,1095,14,6,0.9873760144274121,0.9945504087193461,1.0072661217075387,0.9909502262443439
120,4,semiregular,2,615,614,1,552,63,62,0.8975609756097561,0.8990228013029316,1.001628664495114,0.8982912937347437
120,4,irregular,2,243,228,15,179,64,49,0.7366255144032922,0.7850877192982456,1.0657894736842106,0.7600849256900212
120,4,regular,3,1118,1101,17,1100,18,1,0.9838998211091234,0.9990917347865577,1.0154405086285194,0.9914375844975213
120,4,semiregular,3,613,614,1,554,59,60,0.9037520391517129,0.9022801302931596,0.998371335504886,0.9030154849225754
120,4,irregular,3,227,228,1,175,52,53,0.7709251101321586,0.7675438596491229,0.9956140350877193,0.7692307692307692
120,5,regular,1,1044,1044,0,1038,6,6,0.9942528735632183,0.9942528735632183,1.0,0.9942528735632183
120,5,semiregular,1,708,668,40,621,87,47,0.8771186440677966,0.9296407185628742,1.0598802395209581,0.9026162790697675
120,5,irregular,1,251,217,34,166,85,51,0.6613545816733067,0.7649769585253456,1.1566820276497696,0.7094017094017094
120,5,regular,2,1053,1044,9,1041,12,3,0.9886039886039886,0.9971264367816092,1.0086206896551724,0.9928469241773963
120,5,semiregular,2,713,668,45,616,97,52,0.8639551192145862,0.9221556886227545,1.0673652694610778,0.8921071687183201
120,5,irregular,2,221,217,4,166,55,51,0.751131221719457,0.7649769585253456,1.0184331797235022,0.7579908675799087
120,5,regular,3,1057,1044,13,1043,14,1,0.9867549668874173,0.9990421455938697,1.0124521072796935,0.9928605425987626
120,5,semiregular,3,690,668,22,616,74,52,0.8927536231884058,0.9221556886227545,1.032934131736527,0.9072164948453609
120,5,irregular,3,211,217,6,162,49,55,0.7677725118483413,0.7465437788018433,0.9723502304147466,0.7570093457943925
120,6,regular,1,941,915,26,914,27,1,0.971307120085016,0.9989071038251366,1.028415300546448,0.9849137931034483
120,6,semiregular,1,693,701,8,634,59,67,0.9148629148629148,0.9044222539229672,0.9885877318116976,0.9096126255380201
120,6,irregular,1,188,195,7,119,69,76,0.6329787234042553,0.6102564102564103,0.9641025641025641,0.6214099216710184
120,6,regular,2,949,915,34,913,36,2,0.9620653319283456,0.9978142076502732,1.037158469945355,0.9796137339055794
120,6,semiregular,2,715,701,14,644,71,57,0.9006993006993007,0.9186875891583453,1.0199714693295292,0.9096045197740112
120,6,irregular,2,199,195,4,135,64,60,0.678391959798995,0.6923076923076923,1.0205128205128204,0.6852791878172588
120,6,regular,3,933,915,18,913,20,2,0.9785637727759914,0.9978142076502732,1.019672131147541,0.9880952380952381
120,6,semiregular,3,718,701,17,656,62,45,0.9136490250696379,0.9358059914407989,1.0242510699001426,0.9245947850599012
120,6,irregular,3,196,195,1,157,39,38,0.8010204081632653,0.8051282051282052,1.005128205128205,0.80306905370844
120,7,regular,1,1143,1230,87,1136,7,94,0.9938757655293088,0.9235772357723577,0.9292682926829269,0.9574378423935946
120,7,semiregular,1,786,761,25,682,104,79,0.8676844783715013,0.8961892247043364,1.0328515111695138,0.8817065287653523
120,7,irregular,1,266,225,41,160,106,65,0.6015037593984962,0.7111111111111111,1.1822222222222223,0.6517311608961303
120,7,regular,2,1239,1230,9,1211,28,19,0.9774011299435028,0.9845528455284552,1.0073170731707317,0.9809639530174158
120,7,semiregular,2,728,761,33,651,77,110,0.8942307692307693,0.8554533508541393,0.9566360052562418,0.8744123572867697
120,7,irregular,2,226,225,1,176,50,49,0.7787610619469026,0.7822222222222223,1.0044444444444445,0.7804878048780488
120,7,regular,3,1245,1230,15,1225,20,5,0.9839357429718876,0.9959349593495935,1.0121951219512195,0.98989898989899
120,7,semiregular,3,778,761,17,678,100,83,0.87146529562982,0.8909329829172142,1.0223390275952693,0.8810916179337231
120,7,irregular,3,214,225,11,170,44,55,0.794392523364486,0.7555555555555555,0.9511111111111111,0.7744874715261959
120,8,regular,1,1020,1035,15,1010,10,25,0.9901960784313726,0.9758454106280193,0.9855072463768116,0.9829683698296837
120,8,semiregular,1,808,827,19,732,76,95,0.905940594059406,0.8851269649334945,0.9770253929866989,0.8954128440366973
120,8,irregular,1,260,243,17,155,105,88,0.5961538461538461,0.6378600823045267,1.0699588477366255,0.6163021868787276
120,8,regular,2,1048,1035,13,1027,21,8,0.9799618320610687,0.9922705314009662,1.01256038647343,0.986077772443591
120,8,semiregular,2,819,827,8,747,72,80,0.9120879120879121,0.9032648125755743,0.9903264812575574,0.907654921020656
120,8,irregular,2,232,243,11,174,58,69,0.75,0.7160493827160493,0.9547325102880658,0.7326315789473683
120,8,regular,3,1049,1035,14,1030,19,5,0.9818875119161106,0.9951690821256038,1.0135265700483091,0.9884836852207294
120,8,semiregular,3,853,827,26,773,80,54,0.9062133645955451,0.9347037484885127,1.0314389359129383,0.9202380952380952
120,8,irregular,3,236,243,7,167,69,76,0.7076271186440678,0.6872427983539094,0.9711934156378601,0.697286012526096
120,9,regular,1,1099,1107,8,1090,9,17,0.991810737033667,0.9846431797651309,0.992773261065944,0.9882139619220307
120,9,semiregular,1,646,701,55,606,40,95,0.9380804953560371,0.8644793152639088,0.9215406562054208,0.8997772828507795
120,9,irregular,1,253,266,13,161,92,105,0.6363636363636364,0.6052631578947368,0.9511278195488722,0.6204238921001927
120,9,regular,2,1117,1107,10,1099,18,8,0.9838854073410922,0.992773261065944,1.00903342366757,0.9883093525179856
120,9,semiregular,2,605,701,96,570,35,131,0.9421487603305785,0.8131241084165478,0.8630527817403709,0.8728943338437978
120,9,irregular,2,263,266,3,206,57,60,0.7832699619771863,0.7744360902255639,0.9887218045112782,0.7788279773156901
120,9,regular,3,1106,1107,1,1100,6,7,0.9945750452079566,0.993676603432701,0.999096657633243,0.9941256213285133
120,9,semiregular,3,707,701,6,668,39,33,0.9448373408769448,0.9529243937232525,1.0085592011412268,0.9488636363636364
120,9,irregular,3,249,266,17,200,49,66,0.8032128514056225,0.7518796992481203,0.9360902255639098,0.7766990291262136
120,10,regular,1,1019,1014,5,1005,14,9,0.9862610402355251,0.9911242603550295,1.004930966469428,0.9886866699458927
120,10,semiregular,1,657,656,1,596,61,60,0.9071537290715372,0.9085365853658537,1.0015243902439024,0.9078446306169079
120,10,irregular,1,251,247,4,189,62,58,0.7529880478087649,0.7651821862348178,1.0161943319838056,0.7590361445783133
120,10,regular,2,1037,1014,23,1004,33,10,0.9681774349083896,0.9901380670611439,1.0226824457593688,0.9790346172598732
120,10,semiregular,2,682,656,26,599,83,57,0.8782991202346041,0.913109756097561,1.0396341463414633,0.8953662182361734
120,10,irregular,2,247,247,0,206,41,41,0.8340080971659919,0.8340080971659919,1.0,0.8340080971659919
120,10,regular,3,1034,1014,20,1012,22,2,0.9787234042553191,0.9980276134122288,1.0197238658777121,0.9882812499999999
120,10,semiregular,3,672,656,16,614,58,42,0.9136904761904762,0.9359756097560976,1.024390243902439,0.9246987951807228
120,10,irregular,3,233,247,14,192,41,55,0.8240343347639485,0.7773279352226721,0.9433198380566802,0.8
120,11,regular,1,1068,1070,2,1059,9,11,0.9915730337078652,0.9897196261682243,0.9981308411214953,0.990645463049579
120,11,semiregular,1,697,700,3,616,81,84,0.8837876614060258,0.88,0.9957142857142857,0.8818897637795275
120,11,irregular,1,242,239,3,162,80,77,0.6694214876033058,0.6778242677824268,1.0125523012552302,0.6735966735966735
120,11,regular,2,1086,1070,16,1069,17,1,0.9843462246777164,0.9990654205607477,1.0149532710280373,0.9916512059369201
120,11,semiregular,2,690,700,10,619,71,81,0.8971014492753623,0.8842857142857142,0.9857142857142858,0.8906474820143884
120,11,irregular,2,230,239,9,182,48,57,0.7913043478260869,0.7615062761506276,0.9623430962343096,0.7761194029850746
120,11,regular,3,1076,1070,6,1069,7,1,0.9934944237918215,0.9990654205607477,1.005607476635514,0.9962721342031687
120,11,semiregular,3,709,700,9,643,66,57,0.9069111424541608,0.9185714285714286,1.012857142857143,0.9127040454222852
120,11,irregular,3,220,239,19,175,45,64,0.7954545454545454,0.7322175732217573,0.9205020920502092,0.7625272331154683
120,12,regular,1,1009,1007,2,1005,4,2,0.9960356788899901,0.9980139026812314,1.0019860973187686,0.9970238095238095
120,12,semiregular,1,687,641,46,583,104,58,0.8486171761280932,0.9095163806552262,1.0717628705148206,0.8780120481927711
120,12,irregular,1,287,204,83,177,110,27,0.6167247386759582,0.8676470588235294,1.4068627450980393,0.7209775967413442
120,12,regular,2,1057,1007,50,1007,50,0,0.9526963103122044,1.0,1.0496524329692154,0.9757751937984496
120,12,semiregular,2,650,641,9,563,87,78,0.8661538461538462,0.8783151326053042,1.0140405616224648,0.8721920991479473
120,12,irregular,2,232,204,28,160,72,44,0.6896551724137931,0.7843137254901961,1.1372549019607843,0.7339449541284404
120,12,regular,3,1021,1007,14,1007,14,0,0.9862879529872673,1.0,1.0139026812313803,0.9930966469428009
120,12,semiregular,3,653,641,12,572,81,69,0.8759571209800919,0.8923556942277691,1.0187207488299532,0.884080370942813
120,12,irregular,3,215,204,11,160,55,44,0.7441860465116279,0.7843137254901961,1.053921568627451,0.7637231503579953
120,13,regular,1,978,1000,22,976,2,24,0.9979550102249489,0.976,0.978,0.98685540950455
120,13,semiregular,1,831,815,16,754,77,61,0.9073405535499398,0.9251533742331288,1.019631901840491,0.9161603888213853
120,13,irregular,1,272,216,56,165,107,51,0.6066176470588235,0.7638888888888888,1.2592592592592593,0.6762295081967213
120,13,regular,2,1027,1000,27,1000,27,0,0.9737098344693281,1.0,1.027,0.9866798223976319
120,13,semiregular,2,836,815,21,766,70,49,0.916267942583732,0.939877300613497,1.0257668711656442,0.9279224712295578
120,13,irregular,2,239,216,23,179,60,37,0.7489539748953975,0.8287037037037037,1.1064814814814814,0.7868131868131869
120,13,regular,3,1008,1000,8,997,11,3,0.9890873015873016,0.997,1.008,0.993027888446215
120,13,semiregular,3,833,815,18,770,63,45,0.9243697478991597,0.9447852760736196,1.0220858895705522,0.9344660194174756
120,13,irregular,3,215,216,1,176,39,40,0.8186046511627907,0.8148148148148148,0.9953703703703703,0.8167053364269142
120,14,regular,1,1047,1052,5,1045,2,7,0.9980897803247374,0.9933460076045627,0.9952471482889734,0.9957122439256788
120,14,semiregular,1,844,913,69,781,63,132,0.9253554502369669,0.8554216867469879,0.9244249726177437,0.8890153671030165
120,14,irregular,1,245,217,28,163,82,54,0.6653061224489796,0.7511520737327189,1.1290322580645162,0.7056277056277056
120,14,regular,2,1027,1052,25,1017,10,35,0.9902629016553067,0.9667300380228137,0.9762357414448669,0.9783549783549784
120,14,semiregular,2,874,913,39,813,61,100,0.9302059496567505,0.8904709748083242,0.9572836801752465,0.9099048684946838
120,14,irregular,2,235,217,18,174,61,43,0.7404255319148936,0.8018433179723502,1.0829493087557605,0.7699115044247788
120,14,regular,3,1070,1052,18,1048,22,4,0.9794392523364486,0.9961977186311787,1.0171102661596958,0.9877474081055607
120,14,semiregular,3,911,913,2,848,63,65,0.9308452250274424,0.9288061336254108,0.9978094194961665,0.9298245614035088
120,14,irregular,3,194,217,23,159,35,58,0.8195876288659794,0.7327188940092166,0.8940092165898618,0.7737226277372262
120,15,regular,1,976,964,12,963,13,1,0.9866803278688525,0.9989626556016598,1.012448132780083,0.9927835051546392
120,15,semiregular,1,765,774,9,702,63,72,0.9176470588235294,0.9069767441860465,0.9883720930232558,0.9122807017543859
120,15,irregular,1,234,218,16,181,53,37,0.7735042735042735,0.8302752293577982,1.073394495412844,0.8008849557522124
120,15,regular,2,965,964,1,954,11,10,0.9886010362694301,0.9896265560165975,1.0010373443983402,0.989113530326594
120,15,semiregular,2,766,774,8,706,60,68,0.9216710182767625,0.9121447028423773,0.9896640826873385,0.916883116883117
120,15,irregular,2,216,218,2,174,42,44,0.8055555555555556,0.7981651376146789,0.9908256880733946,0.8018433179723502
120,15,regular,3,971,964,7,962,9,2,0.9907312049433573,0.9979253112033195,1.0072614107883817,0.9943152454780362
120,15,semiregular,3,771,774,3,711,60,63,0.9221789883268483,0.9186046511627907,0.9961240310077519,0.920388349514563
120,15,irregular,3,210,218,8,174,36,44,0.8285714285714286,0.7981651376146789,0.963302752293578,0.8130841121495327
120,16,regular,1,1126,1109,17,1107,19,2,0.9831261101243339,0.9981965734896303,1.0153291253381425,0.9906040268456376
120,16,semiregular,1,646,681,35,569,77,112,0.8808049535603715,0.8355359765051396,0.9486049926578561,0.8575734740015072
120,16,irregular,1,257,272,15,166,91,106,0.6459143968871596,0.6102941176470589,0.9448529411764706,0.6275992438563328
120,16,regular,2,1143,1109,34,1109,34,0,0.9702537182852143,1.0,1.030658250676285,0.9849023090586145
120,16,semiregular,2,660,681,21,592,68,89,0.896969696969697,0.869309838472834,0.9691629955947136,0.8829231916480237
120,16,irregular,2,273,272,1,206,67,66,0.7545787545787546,0.7573529411764706,1.0036764705882353,0.7559633027522935
120,16,regular,3,1128,1109,19,1106,22,3,0.9804964539007093,0.9972948602344455,1.0171325518485121,0.9888243182834153
120,16,semiregular,3,686,681,5,616,70,65,0.8979591836734694,0.9045521292217328,1.0073421439060206,0.9012435991221653
120,16,irregular,3,242,272,30,199,43,73,0.8223140495867769,0.7316176470588235,0.8897058823529411,0.77431906614786
120,17,regular,1,1045,1029,16,1028,17,1,0.9837320574162679,0.9990281827016521,1.0155490767735667,0.9913211186113788
120,17,semiregular,1,835,837,2,746,89,91,0.8934131736526946,0.8912783751493429,0.997610513739546,0.8923444976076554
120,17,irregular,1,268,240,28,164,104,76,0.6119402985074627,0.6833333333333333,1.1166666666666667,0.6456692913385826
120,17,regular,2,1032,1029,3,1018,14,11,0.9864341085271318,0.989310009718173,1.0029154518950438,0.9878699660359048
120,17,semiregular,2,872,837,35,788,84,49,0.9036697247706422,0.9414575866188769,1.041816009557945,0.9221767115272088
120,17,irregular,2,283,240,43,186,97,54,0.657243816254417,0.775,1.1791666666666667,0.7112810707456978
120,17,regular,3,1048,1029,19,1027,21,2,0.9799618320610687,0.9980563654033042,1.0184645286686103,0.9889263360616274
120,17,semiregular,3,852,837,15,780,72,57,0.9154929577464789,0.931899641577061,1.017921146953405,0.9236234458259325
120,17,irregular,3,235,240,5,184,51,56,0.7829787234042553,0.7666666666666667,0.9791666666666666,0.7747368421052632
120,18,regular,1,1051,1044,7,1038,13,6,0.9876308277830638,0.9942528735632183,1.0067049808429118,0.9909307875894987
120,18,semiregular,1,794,801,7,735,59,66,0.9256926952141058,0.9176029962546817,0.9912609238451935,0.9216300940438872
120,18,irregular,1,286,252,34,199,87,53,0.6958041958041958,0.7896825396825397,1.1349206349206349,0.7397769516728625
120,18,regular,2,1057,1044,13,1039,18,5,0.9829706717123936,0.9952107279693486,1.0124521072796935,0.9890528319847691
120,18,semiregular,2,791,801,10,740,51,61,0.9355246523388117,0.9238451935081149,0.9875156054931336,0.9296482412060302
120,18,irregular,2,280,252,28,208,72,44,0.7428571428571429,0.8253968253968254,1.1111111111111112,0.7819548872180451
120,18,regular,3,1057,1044,13,1042,15,2,0.9858088930936613,0.9980842911877394,1.0124521072796935,0.9919086149452642
120,18,semiregular,3,826,801,25,767,59,34,0.9285714285714286,0.9575530586766542,1.0312109862671661,0.942839582052858
120,18,irregular,3,249,252,3,202,47,50,0.8112449799196787,0.8015873015873016,0.9880952380952381,0.8063872255489022
120,19,regular,1,1060,1076,16,1051,9,25,0.9915094339622641,0.9767657992565055,0.9851301115241635,0.9840823970037453
120,19,semiregular,1,721,753,32,667,54,86,0.9251040221914009,0.8857901726427623,0.9575033200531209,0.9050203527815468
120,19,irregular,1,282,245,37,183,99,62,0.648936170212766,0.746938775510204,1.1510204081632653,0.6944971537001897
120,19,regular,2,1122,1076,46,1072,50,4,0.9554367201426025,0.9962825278810409,1.0427509293680297,0.9754322111010009
120,19,semiregular,2,707,753,46,661,46,92,0.9349363507779349,0.8778220451527224,0.9389110225763613,0.9054794520547946
120,19,irregular,2,264,245,19,191,73,54,0.7234848484848485,0.7795918367346939,1.0775510204081633,0.75049115913556
120,19,regular,3,1081,1076,5,1071,10,5,0.9907493061979649,0.9953531598513011,1.004646840148699,0.9930458970792767
120,19,semiregular,3,746,753,7,692,54,61,0.9276139410187667,0.9189907038512616,0.9907038512616202,0.923282188125417
120,19,irregular,3,229,245,16,178,51,67,0.777292576419214,0.726530612244898,0.9346938775510204,0.7510548523206751
120,20,regular,1,1208,1251,43,1203,5,48,0.9958609271523179,0.9616306954436451,0.9656274980015987,0.9784465229768199
120,20,semiregular,1,856,841,15,757,99,84,0.8843457943925234,0.9001189060642093,1.0178359096313911,0.892162639952858
120,20,irregular,1,303,252,51,184,119,68,0.6072607260726073,0.7301587301587301,1.2023809523809523,0.6630630630630632
120,20,regular,2,1270,1251,19,1241,29,10,0.9771653543307086,0.9920063948840927,1.0151878497202238,0.9845299484331614
120,20,semiregular,2,812,841,29,721,91,120,0.8879310344827587,0.8573127229488704,0.9655172413793104,0.8723532970356928
120,20,irregular,2,254,252,2,198,56,54,0.7795275590551181,0.7857142857142857,1.007936507936508,0.782608695652174
120,20,regular,3,1243,1251,8,1238,5,13,0.99597747385358,0.9896083133493205,0.9936051159072742,0.9927826784282276
120,20,semiregular,3,856,841,15,756,100,85,0.883177570093458,0.8989298454221165,1.0178359096313911,0.8909840895698291
120,20,irregular,3,240,252,12,188,52,64,0.7833333333333333,0.746031746031746,0.9523809523809523,0.7642276422764228
120,21,regular,1,936,920,16,918,18,2,0.9807692307692307,0.9978260869565218,1.017391304347826,0.9892241379310345
120,21,semiregular,1,555,549,6,472,83,77,0.8504504504504504,0.8597449908925319,1.010928961748634,0.855072463768116
120,21,irregular,1,257,204,53,173,84,31,0.6731517509727627,0.8480392156862745,1.2598039215686274,0.7505422993492409
120,21,regular,2,935,920,15,911,24,9,0.9743315508021391,0.9902173913043478,1.016304347826087,0.9822102425876011
120,21,semiregular,2,594,549,45,490,104,59,0.8249158249158249,0.8925318761384335,1.0819672131147542,0.8573928258967628
120,21,irregular,2,214,204,10,166,48,38,0.7757009345794392,0.8137254901960784,1.0490196078431373,0.7942583732057417
120,21,regular,3,932,920,12,919,13,1,0.9860515021459227,0.9989130434782608,1.0130434782608695,0.9924406047516199
120,21,semiregular,3,583,549,34,494,89,55,0.8473413379073756,0.8998178506375227,1.0619307832422586,0.8727915194346291
120,21,irregular,3,194,204,10,160,34,44,0.8247422680412371,0.7843137254901961,0.9509803921568627,0.8040201005025125
120,22,regular,1,970,946,24,944,26,2,0.9731958762886598,0.9978858350951374,1.025369978858351,0.9853862212943634
120,22,semiregular,1,694,703,9,624,70,79,0.899135446685879,0.887624466571835,0.9871977240398293,0.8933428775948461
120,22,irregular,1,235,247,12,167,68,80,0.7106382978723405,0.6761133603238867,0.951417004048583,0.6929460580912863
120,22,regular,2,989,946,43,946,43,0,0.9565217391304348,1.0,1.0454545454545454,0.9777777777777777
120,22,semiregular,2,700,703,3,632,68,71,0.9028571428571428,0.89900426742532,0.9957325746799431,0.9009265858873842
120,22,irregular,2,236,247,11,181,55,66,0.7669491525423728,0.7327935222672065,0.9554655870445344,0.7494824016563147
120,22,regular,3,960,946,14,944,16,2,0.9833333333333333,0.9978858350951374,1.014799154334038,0.9905561385099685
120,22,semiregular,3,710,703,7,645,65,58,0.9084507042253521,0.9174964438122333,1.0099573257467995,0.9129511677282378
120,22,irregular,3,241,247,6,184,57,63,0.7634854771784232,0.7449392712550608,0.9757085020242915,0.7540983606557378
120,23,regular,1,972,999,27,960,12,39,0.9876543209876543,0.960960960960961,0.972972972972973,0.974124809741248
120,23,semiregular,1,850,835,15,754,96,81,0.8870588235294118,0.9029940119760479,1.0179640718562875,0.8949554896142433
120,23,irregular,1,258,266,8,167,91,99,0.6472868217054264,0.6278195488721805,0.9699248120300752,0.6374045801526718
120,23,regular,2,994,999,5,976,18,23,0.9818913480885312,0.9769769769769769,0.994994994994995,0.9794279979929754
120,23,semiregular,2,839,835,4,755,84,80,0.899880810488677,0.9041916167664671,1.0047904191616766,0.9020310633213858
120,23,irregular,2,271,266,5,197,74,69,0.7269372693726938,0.7406015037593985,1.018796992481203,0.733705772811918
120,23,regular,3,1019,999,20,996,23,3,0.9774288518155054,0.996996996996997,1.02002002002002,0.9871159563924677
120,23,semiregular,3,872,835,37,785,87,50,0.9002293577981652,0.9401197604790419,1.044311377245509,0.9197422378441712
120,23,irregular,3,258,266,8,190,68,76,0.7364341085271318,0.7142857142857143,0.9699248120300752,0.7251908396946564
120,24,regular,1,1079,1079,0,1065,14,14,0.9870250231696015,0.9870250231696015,1.0,0.9870250231696015
120,24,semiregular,1,660,680,20,606,54,74,0.9181818181818182,0.8911764705882353,0.9705882352941176,0.9044776119402985
120,24,irregular,1,228,247,19,166,62,81,0.7280701754385965,0.6720647773279352,0.9230769230769231,0.6989473684210527
120,24,regular,2,1086,1079,7,1071,15,8,0.9861878453038674,0.9925857275254866,1.0064874884151993,0.9893764434180138
120,24,semiregular,2,662,680,18,619,43,61,0.9350453172205438,0.9102941176470588,0.9735294117647059,0.9225037257824144
120,24,irregular,2,244,247,3,200,44,47,0.819672131147541,0.8097165991902834,0.9878542510121457,0.8146639511201629
120,24,regular,3,1096,1079,17,1078,18,1,0.9835766423357665,0.9990732159406858,1.015755329008341,0.991264367816092
120,24,semiregular,3,686,680,6,638,48,42,0.9300291545189504,0.9382352941176471,1.0088235294117647,0.9341142020497804
120,24,irregular,3,236,247,11,198,38,49,0.8389830508474576,0.8016194331983806,0.9554655870445344,0.8198757763975155
120,25,regular,1,957,946,11,943,14,3,0.9853709508881923,0.9968287526427061,1.0116279069767442,0.9910667367314766
120,25,semiregular,1,670,718,48,601,69,117,0.8970149253731343,0.8370473537604457,0.9331476323119777,0.8659942363112392
120,25,irregular,1,255,207,48,151,104,56,0.592156862745098,0.7294685990338164,1.2318840579710144,0.6536796536796536
120,25,regular,2,921,946,25,911,10,35,0.98914223669924,0.9630021141649049,0.9735729386892178,0.9758971612212104
120,25,semiregular,2,711,718,7,641,70,77,0.9015471167369902,0.8927576601671309,0.9902506963788301,0.8971308607417775
120,25,irregular,2,236,207,29,139,97,68,0.5889830508474576,0.6714975845410628,1.1400966183574879,0.6275395033860045
120,25,regular,3,820,946,126,818,2,128,0.9975609756097561,0.864693446088795,0.8668076109936576,0.9263873159682899
120,25,semiregular,3,642,718,76,585,57,133,0.9112149532710281,0.8147632311977716,0.8941504178272981,0.8602941176470589
120,25,irregular,3,199,207,8,128,71,79,0.6432160804020101,0.6183574879227053,0.961352657004831,0.6305418719211823
120,26,regular,1,925,985,60,904,21,81,0.9772972972972973,0.917766497461929,0.9390862944162437,0.9465968586387434
120,26,semiregular,1,737,720,17,645,92,75,0.8751696065128901,0.8958333333333334,1.023611111111111,0.8853809196980096
120,26,irregular,1,330,214,116,184,146,30,0.5575757575757576,0.8598130841121495,1.5420560747663552,0.676470588235294
120,26,regular,2,347,985,638,345,2,640,0.9942363112391931,0.350253807106599,0.3522842639593909,0.5180180180180181
120,26,semiregular,2,487,720,233,410,77,310,0.8418891170431212,0.5694444444444444,0.6763888888888889,0.6793703396851698
120,26,irregular,2,248,214,34,155,93,59,0.625,0.7242990654205608,1.158878504672897,0.670995670995671
120,26,regular,3,1084,985,99,983,101,2,0.9068265682656826,0.9979695431472081,1.100507614213198,0.9502174963750605
120,26,semiregular,3,789,720,69,679,110,41,0.8605830164765526,0.9430555555555555,1.0958333333333334,0.8999337309476473
120,26,irregular,3,257,214,43,170,87,44,0.6614785992217899,0.794392523364486,1.2009345794392523,0.721868365180467
120,27,regular,1,1134,1166,32,1115,19,51,0.9832451499118166,0.9562607204116638,0.9725557461406518,0.9695652173913043
120,27,semiregular,1,631,728,97,564,67,164,0.8938193343898574,0.7747252747252747,0.8667582417582418,0.8300220750551877
120,27,irregular,1,259,270,11,170,89,100,0.6563706563706564,0.6296296296296297,0.9592592592592593,0.6427221172022685
120,27,regular,2,1095,1166,71,1081,14,85,0.9872146118721461,0.9271012006861064,0.9391080617495712,0.9562140645731977
120,27,semiregular,2,710,728,18,645,65,83,0.9084507042253521,0.885989010989011,0.9752747252747253,0.8970792767732962
120,27,irregular,2,276,270,6,215,61,55,0.7789855072463768,0.7962962962962963,1.0222222222222221,0.7875457875457874
120,27,regular,3,1186,1166,20,1165,21,1,0.9822934232715008,0.9991423670668954,1.0171526586620927,0.9906462585034014
120,27,semiregular,3,718,728,10,656,62,72,0.9136490250696379,0.9010989010989011,0.9862637362637363,0.9073305670816045
120,27,irregular,3,252,270,18,206,46,64,0.8174603174603174,0.762962962962963,0.9333333333333333,0.789272030651341
120,28,regular,1,1080,1098,18,1063,17,35,0.9842592592592593,0.9681238615664846,0.9836065573770492,0.9761248852157943
120,28,semiregular,1,861,859,2,777,84,82,0.9024390243902439,0.9045401629802096,1.0023282887077998,0.9034883720930234
120,28,irregular,1,321,293,28,163,158,130,0.5077881619937694,0.5563139931740614,1.0955631399317407,0.530944625407166
120,28,regular,2,1150,1098,52,1098,52,0,0.9547826086956521,1.0,1.04735883424408,0.9768683274021353
120,28,semiregular,2,803,859,56,739,64,120,0.9202988792029888,0.860302677532014,0.9348079161816065,0.8892900120336943
120,28,irregular,2,297,293,4,197,100,96,0.6632996632996633,0.6723549488054608,1.0136518771331058,0.6677966101694915
120,28,regular,3,1102,1098,4,1090,12,8,0.9891107078039928,0.9927140255009107,1.0036429872495447,0.990909090909091
120,28,semiregular,3,824,859,35,771,53,88,0.9356796116504854,0.8975552968568102,0.959254947613504,0.9162210338680927
120,28,irregular,3,269,293,24,181,88,112,0.6728624535315985,0.6177474402730375,0.9180887372013652,0.6441281138790036
120,29,regular,1,1146,1140,6,1134,12,6,0.9895287958115183,0.9947368421052631,1.0052631578947369,0.9921259842519685
120,29,semiregular,1,894,869,25,787,107,82,0.8803131991051454,0.905638665132336,1.0287686996547756,0.8927963698241633
120,29,irregular,1,264,247,17,176,88,71,0.6666666666666666,0.7125506072874493,1.0688259109311742,0.6888454011741683
120,29,regular,2,1055,1140,85,1045,10,95,0.990521327014218,0.9166666666666666,0.9254385964912281,0.9521640091116174
120,29,semiregular,2,911,869,42,797,114,72,0.8748627881448957,0.9171461449942463,1.048331415420023,0.8955056179775281
120,29,irregular,2,284,247,37,190,94,57,0.6690140845070423,0.7692307692307693,1.1497975708502024,0.7156308851224106
120,29,regular,3,1095,1140,45,1092,3,48,0.9972602739726028,0.9578947368421052,0.9605263157894737,0.9771812080536914
120,29,semiregular,3,901,869,32,802,99,67,0.8901220865704772,0.9228998849252014,1.0368239355581128,0.9062146892655367
120,29,irregular,3,249,247,2,196,53,51,0.7871485943775101,0.7935222672064778,1.008097165991903,0.7903225806451614
120,30,regular,1,959,997,38,952,7,45,0.9927007299270073,0.954864593781344,0.9618856569709128,0.9734151329243355
120,30,semiregular,1,788,810,22,718,70,92,0.9111675126903553,0.8864197530864197,0.9728395061728395,0.8986232790988736
120,30,irregular,1,287,250,37,173,114,77,0.6027874564459931,0.692,1.148,0.644320297951583
120,30,regular,2,899,997,98,893,6,104,0.9933259176863182,0.8956870611835507,0.9017051153460381,0.9419831223628692
120,30,semiregular,2,810,810,0,744,66,66,0.9185185185185185,0.9185185185185185,1.0,0.9185185185185185
120,30,irregular,2,250,250,0,189,61,61,0.756,0.756,1.0,0.756
120,30,regular,3,1010,997,13,995,15,2,0.9851485148514851,0.9979939819458375,1.013039117352056,0.9915296462381663
120,30,semiregular,3,831,810,21,764,67,46,0.9193742478941035,0.9432098765432099,1.025925925925926,0.9311395490554539
120,30,irregular,3,247,250,3,182,65,68,0.7368421052631579,0.728,0.988,0.7323943661971831
135,1,regular,1,938,937,1,928,10,9,0.9893390191897654,0.9903948772678762,1.0010672358591248,0.9898666666666667
135,1,semiregular,1,689,703,14,587,102,116,0.8519593613933236,0.8349928876244666,0.9800853485064012,0.8433908045977012
135,1,irregular,1,212,199,13,151,61,48,0.7122641509433962,0.7587939698492462,1.065326633165829,0.7347931873479319
135,1,regular,2,976,937,39,922,54,15,0.944672131147541,0.983991462113127,1.0416221985058698,0.9639309984317826
135,1,semiregular,2,719,703,16,628,91,75,0.8734353268428373,0.8933143669985776,1.0227596017069702,0.8832630098452884
135,1,irregular,2,193,199,6,154,39,45,0.7979274611398963,0.7738693467336684,0.9698492462311558,0.7857142857142857
135,1,regular,3,939,937,2,932,7,5,0.9925452609158679,0.9946638207043756,1.0021344717182497,0.9936034115138592
135,1,semiregular,3,728,703,25,635,93,68,0.8722527472527473,0.903271692745377,1.035561877667141,0.8874912648497555
135,1,irregular,3,184,199,15,146,38,53,0.7934782608695652,0.7336683417085427,0.9246231155778895,0.7624020887728458
135,2,regular,1,1200,1224,24,1191,9,33,0.9925,0.9730392156862745,0.9803921568627451,0.9826732673267328
135,2,semiregular,1,569,647,78,535,34,112,0.9402460456942003,0.8268933539412674,0.8794435857805255,0.8799342105263159
135,2,irregular,1,222,217,5,131,91,86,0.5900900900900901,0.6036866359447005,1.023041474654378,0.5968109339407744
135,2,regular,2,1182,1224,42,1169,13,55,0.9890016920473773,0.9550653594771242,0.9656862745098039,0.971737323358271
135,2,semiregular,2,633,647,14,595,38,52,0.9399684044233807,0.919629057187017,0.9783616692426584,0.9296874999999999
135,2,irregular,2,225,217,8,168,57,49,0.7466666666666667,0.7741935483870968,1.0368663594470047,0.7601809954751131
135,2,regular,3,1237,1224,13,1214,23,10,0.9814066289409863,0.9918300653594772,1.0106209150326797,0.9865908167411622
135,2,semiregular,3,643,647,4,602,41,45,0.9362363919129082,0.9304482225656878,0.9938176197836167,0.9333333333333333
135,2,irregular,3,220,217,3,172,48,45,0.7818181818181819,0.7926267281105991,1.0138248847926268,0.7871853546910755
135,3,regular,1,1036,1053,17,1026,10,27,0.9903474903474904,0.9743589743589743,0.9838556505223172,0.9822881761608424
135,3,semiregular,1,685,716,31,618,67,98,0.9021897810218978,0.8631284916201117,0.9567039106145251,0.8822269807280514
135,3,irregular,1,255,224,31,172,83,52,0.6745098039215687,0.7678571428571429,1.1383928571428572,0.7181628392484342
135,3,regular,2,1027,1053,26,1013,14,40,0.9863680623174295,0.9620132953466287,0.9753086419753086,0.9740384615384615
135,3,semiregular,2,715,716,1,643,72,73,0.8993006993006993,0.8980446927374302,0.9986033519553073,0.8986722571628232
135,3,irregular,2,221,224,3,161,60,63,0.7285067873303167,0.71875,0.9866071428571429,0.7235955056179775
135,3,regular,3,1055,1053,2,1048,7,5,0.9933649289099526,0.9952516619183286,1.0018993352326686,0.9943074003795066
135,3,semiregular,3,716,716,0,646,70,70,0.9022346368715084,0.9022346368715084,1.0,0.9022346368715085
135,3,irregular,3,202,224,22,159,43,65,0.7871287128712872,0.7098214285714286,0.9017857142857143,0.7464788732394367
135,4,regular,1,1131,1101,30,1097,34,4,0.9699381078691424,0.9963669391462306,1.0272479564032697,0.9829749103942651
135,4,semiregular,1,588,614,26,510,78,104,0.8673469387755102,0.8306188925081434,0.9576547231270358,0.8485856905158071
135,4,irregular,1,258,228,30,153,105,75,0.5930232558139535,0.6710526315789473,1.131578947368421,0.6296296296296297
135,4,regular,2,1115,1101,14,1100,15,1,0.9865470852017937,0.9990917347865577,1.0127157129881925,0.9927797833935018
135,4,semiregular,2,610,614,4,543,67,71,0.8901639344262295,0.8843648208469055,0.993485342019544,0.8872549019607844
135,4,irregular,2,241,228,13,173,68,55,0.7178423236514523,0.7587719298245614,1.0570175438596492,0.7377398720682303
135,4,regular,3,1111,1101,10,1099,12,2,0.9891989198919892,0.9981834695731153,1.0090826521344232,0.9936708860759493
135,4,semiregular,3,606,614,8,541,65,73,0.8927392739273927,0.8811074918566775,0.9869706840390879,0.8868852459016393
135,4,irregular,3,210,228,18,163,47,65,0.7761904761904762,0.7149122807017544,0.9210526315789473,0.7442922374429224
135,5,regular,1,1053,1044,9,1042,11,2,0.9895536562203229,0.9980842911877394,1.0086206896551724,0.9938006676204101
135,5,semiregular,1,707,668,39,612,95,56,0.8656294200848657,0.9161676646706587,1.0583832335329342,0.8901818181818182
135,5,irregular,1,248,217,31,163,85,54,0.657258064516129,0.7511520737327189,1.1428571428571428,0.7010752688172043
135,5,regular,2,1033,1044,11,1022,11,22,0.989351403678606,0.9789272030651341,0.9894636015325671,0.9841116995666828
135,5,semiregular,2,685,668,17,600,85,68,0.8759124087591241,0.8982035928143712,1.0254491017964071,0.8869179600886917
135,5,irregular,2,215,217,2,164,51,53,0.7627906976744186,0.7557603686635944,0.9907834101382489,0.7592592592592593
135,5,regular,3,1043,1044,1,1039,4,5,0.9961649089165868,0.9952107279693486,0.9990421455938697,0.9956875898418783
135,5,semiregular,3,680,668,12,599,81,69,0.8808823529411764,0.8967065868263473,1.0179640718562875,0.8887240356083086
135,5,irregular,3,203,217,14,159,44,58,0.7832512315270936,0.7327188940092166,0.9354838709677419,0.7571428571428572
135,6,regular,1,948,915,33,911,37,4,0.9609704641350211,0.9956284153005465,1.0360655737704918,0.9779924852388621
135,6,semiregular,1,676,701,25,618,58,83,0.9142011834319527,0.8815977175463623,0.9643366619115549,0.8976034858387799
135,6,irregular,1,223,195,28,129,94,66,0.57847533632287,0.6615384615384615,1.1435897435897435,0.6172248803827751
135,6,regular,2,911,915,4,886,25,29,0.9725576289791438,0.9683060109289617,0.9956284153005465,0.9704271631982475
135,6,semiregular,2,721,701,20,651,70,50,0.9029126213592233,0.9286733238231099,1.028530670470756,0.9156118143459916
135,6,irregular,2,195,195,0,137,58,58,0.7025641025641025,0.7025641025641025,1.0,0.7025641025641025
135,6,regular,3,918,915,3,909,9,6,0.9901960784313726,0.9934426229508196,1.0032786885245901,0.9918166939443536
135,6,semiregular,3,713,701,12,651,62,50,0.9130434782608695,0.9286733238231099,1.0171184022824535,0.9207920792079208
135,6,irregular,3,186,195,9,151,35,44,0.8118279569892473,0.7743589743589744,0.9538461538461539,0.7926509186351705
135,7,regular,1,1226,1230,4,1215,11,15,0.9910277324632952,0.9878048780487805,0.9967479674796748,0.989413680781759
135,7,semiregular,1,689,761,72,615,74,146,0.8925979680696662,0.8081471747700394,0.9053876478318003,0.8482758620689655
135,7,irregular,1,246,225,21,170,76,55,0.6910569105691057,0.7555555555555555,1.0933333333333333,0.7218683651804672
135,7,regular,2,1247,1230,17,1220,27,10,0.9783480352846833,0.991869918699187,1.0138211382113822,0.985062575696407
135,7,semiregular,2,737,761,24,651,86,110,0.8833107191316146,0.8554533508541393,0.9684625492772667,0.8691588785046729
135,7,irregular,2,225,225,0,166,59,59,0.7377777777777778,0.7377777777777778,1.0,0.7377777777777778
135,7,regular,3,1243,1230,13,1222,21,8,0.9831053901850362,0.9934959349593496,1.0105691056910568,0.9882733522038011
135,7,semiregular,3,767,761,6,675,92,86,0.8800521512385919,0.8869908015768725,1.0078843626806833,0.8835078534031414
135,7,irregular,3,230,225,5,177,53,48,0.7695652173913043,0.7866666666666666,1.0222222222222221,0.778021978021978
135,8,regular,1,1031,1035,4,1019,12,16,0.988360814742968,0.9845410628019323,0.996135265700483,0.9864472410454985
135,8,semiregular,1,798,827,29,720,78,107,0.9022556390977443,0.8706166868198307,0.9649334945586457,0.8861538461538461
135,8,irregular,1,266,243,23,154,112,89,0.5789473684210527,0.6337448559670782,1.0946502057613168,0.6051080550098231
135,8,regular,2,1017,1035,18,1003,14,32,0.9862340216322517,0.9690821256038648,0.9826086956521739,0.9775828460038987
135,8,semiregular,2,828,827,1,758,70,69,0.9154589371980676,0.9165659008464329,1.0012091898428053,0.916012084592145
135,8,irregular,2,221,243,22,168,53,75,0.7601809954751131,0.691358024691358,0.9094650205761317,0.7241379310344828
135,8,regular,3,1047,1035,12,1030,17,5,0.9837631327602674,0.9951690821256038,1.0115942028985507,0.989433237271854
135,8,semiregular,3,838,827,11,774,64,53,0.9236276849642004,0.9359129383313181,1.0133010882708586,0.9297297297297297
135,8,irregular,3,210,243,33,159,51,84,0.7571428571428571,0.654320987654321,0.8641975308641975,0.7019867549668874
135,9,regular,1,1095,1107,12,1089,6,18,0.9945205479452055,0.983739837398374,0.989159891598916,0.9891008174386922
135,9,semiregular,1,631,701,70,594,37,107,0.9413629160063391,0.8473609129814551,0.9001426533523538,0.8918918918918919
135,9,irregular,1,271,266,5,173,98,93,0.6383763837638377,0.650375939849624,1.018796992481203,0.6443202979515829
135,9,regular,2,1024,1107,83,1012,12,95,0.98828125,0.9141824751580849,0.9250225835591689,0.9497888315344909
135,9,semiregular,2,655,701,46,611,44,90,0.932824427480916,0.8716119828815977,0.9343794579172611,0.9011799410029498
135,9,irregular,2,257,266,9,198,59,68,0.7704280155642024,0.7443609022556391,0.9661654135338346,0.7571701720841301
135,9,regular,3,1105,1107,2,1100,5,7,0.995475113122172,0.993676603432701,0.998193315266486,0.9945750452079567
135,9,semiregular,3,702,701,1,653,49,48,0.9301994301994302,0.9315263908701854,1.0014265335235377,0.9308624376336422
135,9,irregular,3,239,266,27,187,52,79,0.7824267782426778,0.7030075187969925,0.8984962406015038,0.7405940594059406
135,10,regular,1,1020,1014,6,1004,16,10,0.984313725490196,0.9901380670611439,1.0059171597633136,0.9872173058013767
135,10,semiregular,1,646,656,10,588,58,68,0.9102167182662538,0.8963414634146342,0.9847560975609756,0.9032258064516129
135,10,irregular,1,249,247,2,188,61,59,0.7550200803212851,0.7611336032388664,1.008097165991903,0.7580645161290323
135,10,regular,2,978,1014,36,964,14,50,0.9856850715746421,0.9506903353057199,0.9644970414201184,0.9678714859437751
135,10,semiregular,2,677,656,21,615,62,41,0.9084194977843427,0.9375,1.0320121951219512,0.9227306826706677
135,10,irregular,2,252,247,5,204,48,43,0.8095238095238095,0.8259109311740891,1.0202429149797572,0.8176352705410821
135,10,regular,3,1031,1014,17,1011,20,3,0.9806013579049466,0.9970414201183432,1.0167652859960552,0.9887530562347189
135,10,semiregular,3,671,656,15,610,61,46,0.9090909090909091,0.9298780487804879,1.0228658536585367,0.9193669932177845
135,10,irregular,3,207,247,40,176,31,71,0.8502415458937198,0.7125506072874493,0.8380566801619433,0.7753303964757708
135,11,regular,1,1087,1070,17,1063,24,7,0.9779208831646734,0.9934579439252337,1.0158878504672897,0.985628187297172
135,11,semiregular,1,698,700,2,617,81,83,0.8839541547277937,0.8814285714285715,0.9971428571428571,0.882689556509299
135,11,irregular,1,255,239,16,172,83,67,0.6745098039215687,0.7196652719665272,1.0669456066945606,0.6963562753036437
135,11,regular,2,1080,1070,10,1067,13,3,0.9879629629629629,0.997196261682243,1.0093457943925233,0.9925581395348837
135,11,semiregular,2,713,700,13,633,80,67,0.8877980364656382,0.9042857142857142,1.0185714285714285,0.8959660297239914
135,11,irregular,2,225,239,14,175,50,64,0.7777777777777778,0.7322175732217573,0.9414225941422594,0.7543103448275861
135,11,regular,3,1064,1070,6,1061,3,9,0.9971804511278195,0.991588785046729,0.994392523364486,0.9943767572633553
135,11,semiregular,3,699,700,1,627,72,73,0.8969957081545065,0.8957142857142857,0.9985714285714286,0.8963545389563974
135,11,irregular,3,216,239,23,167,49,72,0.7731481481481481,0.698744769874477,0.9037656903765691,0.7340659340659341
135,12,regular,1,1016,1007,9,1006,10,1,0.9901574803149606,0.9990069513406157,1.008937437934459,0.9945625308947109
135,12,semiregular,1,695,641,54,580,115,61,0.8345323741007195,0.9048361934477379,1.0842433697347893,0.8682634730538923
135,12,irregular,1,295,204,91,183,112,21,0.6203389830508474,0.8970588235294118,1.446078431372549,0.7334669338677354
135,12,regular,2,1034,1007,27,1007,27,0,0.9738878143133463,1.0,1.0268123138033765,0.9867711905928467
135,12,semiregular,2,650,641,9,565,85,76,0.8692307692307693,0.8814352574102964,1.0140405616224648,0.8752904725019365
135,12,irregular,2,236,204,32,157,79,47,0.6652542372881356,0.7696078431372549,1.1568627450980393,0.7136363636363636
135,12,regular,3,1024,1007,17,1006,18,1,0.982421875,0.9990069513406157,1.0168818272095332,0.9906450024618414
135,12,semiregular,3,646,641,5,562,84,79,0.8699690402476781,0.8767550702028081,1.0078003120124805,0.8733488733488735
135,12,irregular,3,246,204,42,165,81,39,0.6707317073170732,0.8088235294117647,1.2058823529411764,0.7333333333333335
135,13,regular,1,990,1000,10,987,3,13,0.996969696969697,0.987,0.99,0.9919597989949748
135,13,semiregular,1,838,815,23,757,81,58,0.9033412887828163,0.9288343558282208,1.0282208588957056,0.9159104658197217
135,13,irregular,1,317,216,101,176,141,40,0.555205047318612,0.8148148148148148,1.4675925925925926,0.6604127579737336
135,13,regular,2,1000,1000,0,989,11,11,0.989,0.989,1.0,0.989
135,13,semiregular,2,829,815,14,770,59,45,0.9288299155609168,0.9447852760736196,1.0171779141104293,0.9367396593673967
135,13,irregular,2,234,216,18,173,61,43,0.7393162393162394,0.8009259259259259,1.0833333333333333,0.7688888888888888
135,13,regular,3,1000,1000,0,996,4,4,0.996,0.996,1.0,0.996
135,13,semiregular,3,822,815,7,762,60,53,0.927007299270073,0.9349693251533743,1.0085889570552147,0.9309712889431887
135,13,irregular,3,210,216,6,171,39,45,0.8142857142857143,0.7916666666666666,0.9722222222222222,0.8028169014084506
135,14,regular,1,1046,1052,6,1044,2,8,0.9980879541108987,0.9923954372623575,0.9942965779467681,0.9952335557673975
135,14,semiregular,1,845,913,68,787,58,126,0.9313609467455621,0.8619934282584885,0.9255202628696605,0.8953356086461889
135,14,irregular,1,276,217,59,164,112,53,0.5942028985507246,0.7557603686635944,1.271889400921659,0.665314401622718
135,14,regular,2,999,1052,53,987,12,65,0.987987987987988,0.938212927756654,0.9496197718631179,0.962457337883959
135,14,semiregular,2,896,913,17,831,65,82,0.9274553571428571,0.9101861993428259,0.9813800657174151,0.9187396351575455
135,14,irregular,2,225,217,8,168,57,49,0.7466666666666667,0.7741935483870968,1.0368663594470047,0.7601809954751131
135,14,regular,3,1070,1052,18,1048,22,4,0.9794392523364486,0.9961977186311787,1.0171102661596958,0.9877474081055607
135,14,semiregular,3,901,913,12,836,65,77,0.9278579356270811,0.9156626506024096,0.9868565169769989,0.9217199558985667
135,14,irregular,3,189,217,28,148,41,69,0.783068783068783,0.6820276497695853,0.8709677419354839,0.7290640394088671
135,15,regular,1,955,964,9,947,8,17,0.9916230366492147,0.9823651452282157,0.9906639004149378,0.9869723814486713
135,15,semiregular,1,786,774,12,715,71,59,0.9096692111959288,0.9237726098191215,1.0155038759689923,0.9166666666666666
135,15,irregular,1,218,218,0,167,51,51,0.7660550458715596,0.7660550458715596,1.0,0.7660550458715596
135,15,regular,2,952,964,12,941,11,23,0.9884453781512605,0.9761410788381742,0.9875518672199171,0.9822546972860124
135,15,semiregular,2,766,774,8,706,60,68,0.9216710182767625,0.9121447028423773,0.9896640826873385,0.916883116883117
135,15,irregular,2,208,218,10,171,37,47,0.8221153846153846,0.7844036697247706,0.9541284403669725,0.8028169014084507
135,15,regular,3,967,964,3,961,6,3,0.9937952430196484,0.9968879668049793,1.0031120331950207,0.9953392024857587
135,15,semiregular,3,760,774,14,701,59,73,0.9223684210526316,0.9056847545219638,0.9819121447028424,0.9139504563233377
135,15,irregular,3,202,218,16,165,37,53,0.8168316831683168,0.7568807339449541,0.926605504587156,0.7857142857142856
135,16,regular,1,1078,1109,31,1071,7,38,0.9935064935064936,0.9657348963029756,0.9720468890892696,0.9794238683127572
135,16,semiregular,1,700,681,19,598,102,83,0.8542857142857143,0.8781204111600588,1.0279001468428781,0.8660391020999277
135,16,irregular,1,278,272,6,184,94,88,0.6618705035971223,0.6764705882352942,1.0220588235294117,0.6690909090909091
135,16,regular,2,1138,1109,29,1109,29,0,0.9745166959578208,1.0,1.0261496844003606,0.9870939029817535
135,16,semiregular,2,661,681,20,591,70,90,0.8940998487140696,0.8678414096916299,0.9706314243759178,0.8807749627421759
135,16,irregular,2,262,272,10,203,59,69,0.7748091603053435,0.7463235294117647,0.9632352941176471,0.7602996254681648
135,16,regular,3,1129,1109,20,1107,22,2,0.9805137289636847,0.9981965734896303,1.018034265103697,0.9892761394101877
135,16,semiregular,3,683,681,2,605,78,76,0.8857979502196194,0.8883994126284875,1.0029368575624082,0.8870967741935484
135,16,irregular,3,210,272,62,178,32,94,0.8476190476190476,0.6544117647058824,0.7720588235294118,0.7385892116182573
135,17,regular,1,1039,1029,10,1028,11,1,0.9894128970163619,0.9990281827016521,1.0097181729834792,0.9941972920696326
135,17,semiregular,1,853,837,16,764,89,73,0.895662368112544,0.9127837514934289,1.0191158900836321,0.9041420118343195
135,17,irregular,1,281,240,41,178,103,62,0.6334519572953736,0.7416666666666667,1.1708333333333334,0.6833013435700576
135,17,regular,2,983,1029,46,972,11,57,0.9888097660223805,0.9446064139941691,0.9552964042759962,0.9662027833001989
135,17,semiregular,2,860,837,23,776,84,61,0.9023255813953488,0.927120669056153,1.027479091995221,0.9145550972304066
135,17,irregular,2,259,240,19,181,78,59,0.6988416988416989,0.7541666666666667,1.0791666666666666,0.7254509018036073
135,17,regular,3,1049,1029,20,1028,21,1,0.9799809342230696,0.9990281827016521,1.0194363459669582,0.9894128970163619
135,17,semiregular,3,844,837,7,769,75,68,0.9111374407582938,0.918757467144564,1.008363201911589,0.9149315883402737
135,17,irregular,3,219,240,21,175,44,65,0.7990867579908676,0.7291666666666666,0.9125,0.7625272331154683
135,18,regular,1,1060,1044,16,1041,19,3,0.9820754716981132,0.9971264367816092,1.0153256704980842,0.9895437262357414
135,18,semiregular,1,825,801,24,749,76,52,0.9078787878787878,0.9350811485642946,1.0299625468164795,0.9212792127921279
135,18,irregular,1,304,252,52,193,111,59,0.6348684210526315,0.7658730158730159,1.2063492063492063,0.6942446043165468
135,18,regular,2,1000,1044,44,992,8,52,0.992,0.9501915708812261,0.9578544061302682,0.9706457925636008
135,18,semiregular,2,798,801,3,746,52,55,0.9348370927318296,0.9313358302122348,0.9962546816479401,0.9330831769856159
135,18,irregular,2,255,252,3,192,63,60,0.7529411764705882,0.7619047619047619,1.0119047619047619,0.757396449704142
135,18,regular,3,1051,1044,7,1041,10,3,0.9904852521408183,0.9971264367816092,1.0067049808429118,0.9937947494033413
135,18,semiregular,3,807,801,6,752,55,49,0.9318463444857497,0.9388264669163545,1.0074906367041199,0.9353233830845771
135,18,irregular,3,243,252,9,199,44,53,0.8189300411522634,0.7896825396825397,0.9642857142857143,0.804040404040404
135,19,regular,1,1090,1076,14,1065,25,11,0.9770642201834863,0.9897769516728625,1.013011152416357,0.9833795013850416
135,19,semiregular,1,705,753,48,652,53,101,0.924822695035461,0.8658698539176627,0.9362549800796812,0.8943758573388202
135,19,irregular,1,305,245,60,195,110,50,0.639344262295082,0.7959183673469388,1.2448979591836735,0.7090909090909091
135,19,regular,2,1081,1076,5,1070,11,6,0.9898242368177613,0.9944237918215614,1.004646840148699,0.9921186833565137
135,19,semiregular,2,744,753,9,682,62,71,0.9166666666666666,0.9057104913678619,0.9880478087649402,0.9111556446225785
135,19,irregular,2,261,245,16,183,78,62,0.7011494252873564,0.746938775510204,1.0653061224489795,0.7233201581027668
135,19,regular,3,1085,1076,9,1070,15,6,0.9861751152073732,0.9944237918215614,1.008364312267658,0.9902822767237389
135,19,semiregular,3,739,753,14,684,55,69,0.925575101488498,0.9083665338645418,0.9814077025232404,0.9168900804289544
135,19,irregular,3,212,245,33,171,41,74,0.8066037735849056,0.6979591836734694,0.8653061224489796,0.7483588621444202
135,20,regular,1,1220,1251,31,1212,8,39,0.9934426229508196,0.9688249400479616,0.9752198241406874,0.98097936058276
135,20,semiregular,1,849,841,8,746,103,95,0.8786808009422851,0.8870392390011891,1.009512485136742,0.8828402366863906
135,20,irregular,1,298,252,46,183,115,69,0.6140939597315436,0.7261904761904762,1.1825396825396826,0.6654545454545454
135,20,regular,2,1328,1251,77,1248,80,3,0.9397590361445783,0.9976019184652278,1.061550759392486,0.9678169833268708
135,20,semiregular,2,827,841,14,723,104,118,0.8742442563482467,0.8596908442330559,0.9833531510107015,0.8669064748201438
135,20,irregular,2,245,252,7,187,58,65,0.763265306122449,0.7420634920634921,0.9722222222222222,0.7525150905432596
135,20,regular,3,1213,1251,38,1209,4,42,0.9967023907666942,0.9664268585131894,0.9696243005595524,0.9813311688311688
135,20,semiregular,3,837,841,4,743,94,98,0.8876941457586619,0.8834720570749108,0.995243757431629,0.8855780691299167
135,20,irregular,3,202,252,50,159,43,93,0.7871287128712872,0.6309523809523809,0.8015873015873016,0.7004405286343612
135,21,regular,1,949,920,29,917,32,3,0.9662802950474183,0.9967391304347826,1.0315217391304348,0.9812734082397003
135,21,semiregular,1,568,549,19,464,104,85,0.8169014084507042,0.8451730418943534,1.034608378870674,0.8307967770814682
135,21,irregular,1,248,204,44,167,81,37,0.6733870967741935,0.8186274509803921,1.2156862745098038,0.7389380530973451
135,21,regular,2,856,920,64,843,13,77,0.9848130841121495,0.9163043478260869,0.9304347826086956,0.9493243243243242
135,21,semiregular,2,559,549,10,469,90,80,0.8389982110912343,0.8542805100182149,1.018214936247723,0.8465703971119133
135,21,irregular,2,219,204,15,164,55,40,0.7488584474885844,0.803921568627451,1.0735294117647058,0.7754137115839244
135,21,regular,3,924,920,4,918,6,2,0.9935064935064936,0.9978260869565218,1.0043478260869565,0.9956616052060738
135,21,semiregular,3,574,549,25,484,90,65,0.8432055749128919,0.8816029143897997,1.0455373406193078,0.8619768477292966
135,21,irregular,3,203,204,1,160,43,44,0.7881773399014779,0.7843137254901961,0.9950980392156863,0.7862407862407863
135,22,regular,1,978,946,32,943,35,3,0.9642126789366053,0.9968287526427061,1.0338266384778012,0.9802494802494802
135,22,semiregular,1,688,703,15,614,74,89,0.8924418604651163,0.8733997155049786,0.9786628733997155,0.8828181164629764
135,22,irregular,1,237,247,10,162,75,85,0.6835443037974683,0.6558704453441295,0.9595141700404858,0.6694214876033058
135,22,regular,2,963,946,17,931,32,15,0.9667705088265836,0.9841437632135307,1.017970401691332,0.9753797799895233
135,22,semiregular,2,688,703,15,620,68,83,0.9011627906976745,0.8819345661450925,0.9786628733997155,0.8914450035945363
135,22,irregular,2,245,247,2,176,69,71,0.7183673469387755,0.7125506072874493,0.9919028340080972,0.7154471544715447
135,22,regular,3,956,946,10,942,14,4,0.9853556485355649,0.9957716701902748,1.0105708245243128,0.9905362776025236
135,22,semiregular,3,701,703,2,635,66,68,0.905848787446505,0.903271692745377,0.9971550497866287,0.9045584045584046
135,22,irregular,3,233,247,14,176,57,71,0.7553648068669528,0.7125506072874493,0.9433198380566802,0.7333333333333334
135,23,regular,1,1030,999,31,994,36,5,0.9650485436893204,0.994994994994995,1.031031031031031,0.9797930014785609
135,23,semiregular,1,766,835,69,679,87,156,0.8864229765013055,0.8131736526946107,0.9173652694610779,0.8482198625858838
135,23,irregular,1,273,266,7,178,95,88,0.652014652014652,0.6691729323308271,1.0263157894736843,0.660482374768089
135,23,regular,2,947,999,52,935,12,64,0.9873284054910243,0.9359359359359359,0.9479479479479479,0.9609455292908531
135,23,semiregular,2,825,835,10,718,107,117,0.8703030303030304,0.859880239520958,0.9880239520958084,0.8650602409638555
135,23,irregular,2,265,266,1,191,74,75,0.720754716981132,0.7180451127819549,0.9962406015037594,0.71939736346516
135,23,regular,3,1009,999,10,994,15,5,0.9851337958374629,0.994994994994995,1.01001001001001,0.9900398406374502
135,23,semiregular,3,852,835,17,762,90,73,0.8943661971830986,0.9125748502994012,1.0203592814371258,0.9033787788974511
135,23,irregular,3,223,266,43,177,46,89,0.7937219730941704,0.6654135338345865,0.8383458646616542,0.7239263803680982
135,24,regular,1,1083,1079,4,1068,15,11,0.9861495844875346,0.989805375347544,1.0037071362372567,0.9879740980573541
135,24,semiregular,1,630,680,50,583,47,97,0.9253968253968254,0.8573529411764705,0.9264705882352942,0.8900763358778626
135,24,irregular,1,217,247,30,163,54,84,0.7511520737327189,0.659919028340081,0.8785425101214575,0.7025862068965518
135,24,regular,2,1047,1079,32,1032,15,47,0.9856733524355301,0.9564411492122336,0.9703429101019463,0.9708372530573848
135,24,semiregular,2,667,680,13,614,53,66,0.9205397301349325,0.9029411764705882,0.9808823529411764,0.9116555308092056
135,24,irregular,2,233,247,14,191,42,56,0.8197424892703863,0.7732793522267206,0.9433198380566802,0.7958333333333334
135,24,regular,3,1087,1079,8,1077,10,2,0.9908003679852806,0.9981464318813716,1.0074142724745134,0.9944598337950138
135,24,semiregular,3,686,680,6,636,50,44,0.9271137026239067,0.9352941176470588,1.0088235294117647,0.931185944363104
135,24,irregular,3,215,247,32,183,32,64,0.8511627906976744,0.7408906882591093,0.8704453441295547,0.7922077922077922
135,25,regular,1,959,946,13,944,15,2,0.9843587069864442,0.9978858350951374,1.0137420718816068,0.9910761154855644
135,25,semiregular,1,680,718,38,609,71,109,0.8955882352941177,0.8481894150417827,0.947075208913649,0.8712446351931331
135,25,irregular,1,270,207,63,153,117,54,0.5666666666666667,0.7391304347826086,1.3043478260869565,0.6415094339622641
135,25,regular,2,840,946,106,833,7,113,0.9916666666666667,0.8805496828752643,0.8879492600422833,0.9328107502799552
135,25,semiregular,2,716,718,2,647,69,71,0.9036312849162011,0.9011142061281338,0.9972144846796658,0.902370990237099
135,25,irregular,2,149,207,58,94,55,113,0.6308724832214765,0.45410628019323673,0.7198067632850241,0.5280898876404494
135,25,regular,3,749,946,197,747,2,199,0.9973297730307076,0.7896405919661733,0.7917547568710359,0.8814159292035397
135,25,semiregular,3,619,718,99,561,58,157,0.9063004846526656,0.7813370473537604,0.862116991643454,0.8391922213911742
135,25,irregular,3,183,207,24,97,86,110,0.5300546448087432,0.46859903381642515,0.8840579710144928,0.4974358974358975
135,26,regular,1,1018,985,33,983,35,2,0.9656188605108055,0.9979695431472081,1.033502538071066,0.981527708437344
135,26,semiregular,1,756,720,36,655,101,65,0.8664021164021164,0.9097222222222222,1.05,0.8875338753387534
135,26,irregular,1,395,214,181,200,195,14,0.5063291139240507,0.9345794392523364,1.8457943925233644,0.6568144499178982
135,26,regular,2,231,985,754,230,1,755,0.9956709956709957,0.233502538071066,0.23451776649746192,0.37828947368421056
135,26,semiregular,2,656,720,64,586,70,134,0.8932926829268293,0.8138888888888889,0.9111111111111111,0.8517441860465116
135,26,irregular,2,186,214,28,119,67,95,0.6397849462365591,0.5560747663551402,0.8691588785046729,0.595
135,26,regular,3,1101,985,116,982,119,3,0.8919164396003633,0.9969543147208122,1.117766497461929,0.9415148609779481
135,26,semiregular,3,754,720,34,660,94,60,0.8753315649867374,0.9166666666666666,1.0472222222222223,0.8955223880597014
135,26,irregular,3,228,214,14,151,77,63,0.6622807017543859,0.705607476635514,1.0654205607476634,0.6832579185520361
135,27,regular,1,1132,1166,34,1117,15,49,0.9867491166077739,0.9579759862778731,0.9708404802744426,0.9721496953872932
135,27,semiregular,1,572,728,156,518,54,210,0.9055944055944056,0.7115384615384616,0.7857142857142857,0.7969230769230771
135,27,irregular,1,216,270,54,155,61,115,0.7175925925925926,0.5740740740740741,0.8,0.6378600823045267
135,27,regular,2,1096,1166,70,1081,15,85,0.9863138686131386,0.9271012006861064,0.9399656946826758,0.9557913351016798
135,27,semiregular,2,714,728,14,648,66,80,0.907563025210084,0.8901098901098901,0.9807692307692307,0.8987517337031901
135,27,irregular,2,269,270,1,213,56,57,0.79182156133829,0.7888888888888889,0.9962962962962963,0.7903525046382189
135,27,regular,3,1188,1166,22,1164,24,2,0.9797979797979798,0.9982847341337907,1.0188679245283019,0.9889549702633814
135,27,semiregular,3,738,728,10,672,66,56,0.9105691056910569,0.9230769230769231,1.0137362637362637,0.916780354706685
135,27,irregular,3,254,270,16,201,53,69,0.7913385826771654,0.7444444444444445,0.9407407407407408,0.7671755725190841
135,28,regular,1,1067,1098,31,1054,13,44,0.9878163074039362,0.9599271402550091,0.9717668488160291,0.9736720554272517
135,28,semiregular,1,852,859,7,768,84,91,0.9014084507042254,0.8940628637951106,0.9918509895227008,0.8977206312098189
135,28,irregular,1,306,293,13,160,146,133,0.5228758169934641,0.5460750853242321,1.0443686006825939,0.5342237061769617
135,28,regular,2,1061,1098,37,1040,21,58,0.9802073515551367,0.9471766848816029,0.9663023679417122,0.9634089856415008
135,28,semiregular,2,864,859,5,784,80,75,0.9074074074074074,0.9126891734575088,1.0058207217694994,0.9100406268136971
135,28,irregular,2,270,293,23,192,78,101,0.7111111111111111,0.6552901023890785,0.9215017064846417,0.6820603907637655
135,28,regular,3,1088,1098,10,1079,9,19,0.9917279411764706,0.982695810564663,0.9908925318761385,0.9871912168344007
135,28,semiregular,3,786,859,73,727,59,132,0.9249363867684478,0.8463329452852154,0.9150174621653085,0.8838905775075987
135,28,irregular,3,231,293,62,160,71,133,0.6926406926406926,0.5460750853242321,0.78839590443686,0.6106870229007634
135,29,regular,1,1143,1140,3,1137,6,3,0.994750656167979,0.9973684210526316,1.0026315789473683,0.9960578186596584
135,29,semiregular,1,892,869,23,787,105,82,0.8822869955156951,0.905638665132336,1.0264672036823936,0.8938103350369109
135,29,irregular,1,258,247,11,166,92,81,0.6434108527131783,0.6720647773279352,1.0445344129554657,0.6574257425742573
135,29,regular,2,1001,1140,139,991,10,149,0.99000999000999,0.8692982456140351,0.8780701754385964,0.9257356375525456
135,29,semiregular,2,957,869,88,822,135,47,0.8589341692789969,0.9459148446490219,1.1012658227848102,0.9003285870755751
135,29,irregular,2,270,247,23,197,73,50,0.7296296296296296,0.7975708502024291,1.0931174089068827,0.7620889748549324
135,29,regular,3,1110,1140,30,1106,4,34,0.9963963963963964,0.9701754385964912,0.9736842105263158,0.983111111111111
135,29,semiregular,3,897,869,28,783,114,86,0.8729096989966555,0.9010356731875719,1.0322209436133487,0.8867497168742922
135,29,irregular,3,218,247,29,180,38,67,0.8256880733944955,0.728744939271255,0.8825910931174089,0.7741935483870966
135,30,regular,1,992,997,5,983,9,14,0.9909274193548387,0.9859578736208626,0.9949849548645938,0.9884364002011062
135,30,semiregular,1,801,810,9,730,71,80,0.9113607990012484,0.9012345679012346,0.9888888888888889,0.9062693978895097
135,30,irregular,1,272,250,22,173,99,77,0.6360294117647058,0.692,1.088,0.6628352490421455
135,30,regular,2,946,997,51,941,5,56,0.9947145877378436,0.9438314944834504,0.9488465396188566,0.9686052496139991
135,30,semiregular,2,833,810,23,755,78,55,0.9063625450180072,0.9320987654320988,1.028395061728395,0.9190505173463177
135,30,irregular,2,241,250,9,178,63,72,0.7385892116182573,0.712,0.964,0.725050916496945
135,30,regular,3,1017,997,20,994,23,3,0.9773844641101278,0.9969909729187563,1.020060180541625,0.9870903674280039
135,30,semiregular,3,826,810,16,748,78,62,0.9055690072639225,0.9234567901234568,1.019753086419753,0.9144254278728606
135,30,irregular,3,220,250,30,166,54,84,0.7545454545454545,0.664,0.88,0.7063829787234043
150,1,regular,1,941,937,4,931,10,6,0.9893730074388948,0.9935965848452508,1.0042689434364995,0.9914802981895634
150,1,semiregular,1,702,703,1,596,106,107,0.8490028490028491,0.8477951635846372,0.9985775248933144,0.8483985765124554
150,1,irregular,1,190,199,9,142,48,57,0.7473684210526316,0.7135678391959799,0.9547738693467337,0.7300771208226222
150,1,regular,2,939,937,2,919,20,18,0.9787007454739084,0.9807897545357525,1.0021344717182497,0.9797441364605542
150,1,semiregular,2,647,703,56,565,82,138,0.8732612055641422,0.8036984352773826,0.9203413940256046,0.837037037037037
150,1,irregular,2,177,199,22,137,40,62,0.7740112994350282,0.6884422110552764,0.8894472361809045,0.728723404255319
150,1,regular,3,934,937,3,926,8,11,0.9914346895074947,0.9882604055496265,0.9967982924226254,0.9898450026723677
150,1,semiregular,3,710,703,7,611,99,92,0.8605633802816901,0.8691322901849218,1.0099573257467995,0.8648266100495399
150,1,irregular,3,192,199,7,143,49,56,0.7447916666666666,0.7185929648241206,0.964824120603015,0.7314578005115089
150,2,regular,1,1195,1224,29,1186,9,38,0.9924686192468619,0.9689542483660131,0.9763071895424836,0.9805704836709384
150,2,semiregular,1,579,647,68,542,37,105,0.9360967184801382,0.8377125193199382,0.8948995363214838,0.8841761827079935
150,2,irregular,1,206,217,11,131,75,86,0.6359223300970874,0.6036866359447005,0.9493087557603687,0.6193853427895981
150,2,regular,2,1194,1224,30,1186,8,38,0.9932998324958124,0.9689542483660131,0.9754901960784313,0.9809760132340778
150,2,semiregular,2,632,647,15,592,40,55,0.9367088607594937,0.9149922720247295,0.9768160741885626,0.9257232212666145
150,2,irregular,2,207,217,10,153,54,64,0.7391304347826086,0.7050691244239631,0.9539170506912442,0.7216981132075472
150,2,regular,3,1228,1224,4,1213,15,11,0.987785016286645,0.9910130718954249,1.0032679738562091,0.9893964110929853
150,2,semiregular,3,644,647,3,599,45,48,0.9301242236024845,0.9258114374034003,0.9953632148377125,0.9279628195197521
150,2,irregular,3,218,217,1,161,57,56,0.7385321100917431,0.7419354838709677,1.0046082949308757,0.7402298850574712
150,3,regular,1,1053,1053,0,1039,14,14,0.9867046533713201,0.9867046533713201,1.0,0.9867046533713201
150,3,semiregular,1,691,716,25,622,69,94,0.9001447178002895,0.8687150837988827,0.9650837988826816,0.8841506751954513
150,3,irregular,1,224,224,0,153,71,71,0.6830357142857143,0.6830357142857143,1.0,0.6830357142857143
150,3,regular,2,1023,1053,30,1007,16,46,0.9843597262952102,0.956315289648623,0.9715099715099715,0.9701348747591523
150,3,semiregular,2,739,716,23,655,84,61,0.8863328822733424,0.914804469273743,1.032122905027933,0.9003436426116839
150,3,irregular,2,210,224,14,161,49,63,0.7666666666666667,0.71875,0.9375,0.7419354838709677
150,3,regular,3,1048,1053,5,1044,4,9,0.9961832061068703,0.9914529914529915,0.9952516619183286,0.9938124702522608
150,3,semiregular,3,708,716,8,639,69,77,0.902542372881356,0.8924581005586593,0.9888268156424581,0.8974719101123596
150,3,irregular,3,216,224,8,154,62,70,0.7129629629629629,0.6875,0.9642857142857143,0.7
150,4,regular,1,1131,1101,30,1095,36,6,0.9681697612732095,0.9945504087193461,1.0272479564032697,0.9811827956989247
150,4,semiregular,1,600,614,14,516,84,98,0.86,0.8403908794788274,0.9771986970684039,0.8500823723228995
150,4,irregular,1,216,228,12,142,74,86,0.6574074074074074,0.6228070175438597,0.9473684210526315,0.6396396396396398
150,4,regular,2,1082,1101,19,1073,9,28,0.9916820702402958,0.9745685740236149,0.9827429609445958,0.983050847457627
150,4,semiregular,2,615,614,1,543,72,71,0.8829268292682927,0.8843648208469055,1.001628664495114,0.8836452400325466
150,4,irregular,2,226,228,2,168,58,60,0.7433628318584071,0.7368421052631579,0.9912280701754386,0.7400881057268723
150,4,regular,3,1096,1101,5,1091,5,10,0.9954379562043796,0.9909173478655767,0.9954586739327884,0.9931725079654073
150,4,semiregular,3,602,614,12,532,70,82,0.8837209302325582,0.8664495114006515,0.9804560260586319,0.8749999999999999
150,4,irregular,3,230,228,2,168,62,60,0.7304347826086957,0.7368421052631579,1.0087719298245614,0.7336244541484717
150,5,regular,1,1046,1044,2,1037,9,7,0.9913957934990439,0.9932950191570882,1.0019157088122606,0.9923444976076555
150,5,semiregular,1,703,668,35,607,96,61,0.8634423897581792,0.9086826347305389,1.0523952095808384,0.8854850474106492
150,5,irregular,1,225,217,8,147,78,70,0.6533333333333333,0.6774193548387096,1.0368663594470047,0.6651583710407241
150,5,regular,2,1035,1044,9,1026,9,18,0.991304347826087,0.9827586206896551,0.9913793103448276,0.9870129870129869
150,5,semiregular,2,706,668,38,603,103,65,0.8541076487252125,0.9026946107784432,1.0568862275449102,0.8777292576419214
150,5,irregular,2,204,217,13,153,51,64,0.75,0.7050691244239631,0.9400921658986175,0.7268408551068883
150,5,regular,3,1038,1044,6,1035,3,9,0.9971098265895953,0.9913793103448276,0.9942528735632183,0.9942363112391931
150,5,semiregular,3,670,668,2,589,81,79,0.8791044776119403,0.8817365269461078,1.0029940119760479,0.8804185351270554
150,5,irregular,3,216,217,1,156,60,61,0.7222222222222222,0.7188940092165899,0.9953917050691244,0.7205542725173208
150,6,regular,1,934,915,19,913,21,2,0.9775160599571735,0.9978142076502732,1.0207650273224043,0.987560843699297
150,6,semiregular,1,688,701,13,622,66,79,0.9040697674418605,0.8873038516405135,0.9814550641940085,0.8956083513318935
150,6,irregular,1,185,195,10,125,60,70,0.6756756756756757,0.6410256410256411,0.9487179487179487,0.6578947368421052
150,6,regular,2,923,915,8,904,19,11,0.9794149512459371,0.9879781420765027,1.008743169398907,0.9836779107725787
150,6,semiregular,2,737,701,36,657,80,44,0.8914518317503393,0.9372325249643366,1.0513552068473608,0.913769123783032
150,6,irregular,2,178,195,17,122,56,73,0.6853932584269663,0.6256410256410256,0.9128205128205128,0.6541554959785523
150,6,regular,3,910,915,5,906,4,9,0.9956043956043956,0.9901639344262295,0.994535519125683,0.9928767123287671
150,6,semiregular,3,707,701,6,638,69,63,0.9024045261669024,0.9101283880171184,1.0085592011412268,0.90625
150,6,irregular,3,195,195,0,144,51,51,0.7384615384615385,0.7384615384615385,1.0,0.7384615384615385
150,7,regular,1,1222,1230,8,1208,14,22,0.9885433715220949,0.9821138211382113,0.9934959349593496,0.9853181076672104
150,7,semiregular,1,780,761,19,677,103,84,0.867948717948718,0.8896189224704336,1.0249671484888305,0.8786502271252433
150,7,irregular,1,162,225,63,115,47,110,0.7098765432098766,0.5111111111111111,0.72,0.5943152454780362
150,7,regular,2,1229,1230,1,1197,32,33,0.9739625711960944,0.973170731707317,0.9991869918699187,0.9735664904432696
150,7,semiregular,2,746,761,15,659,87,102,0.8833780160857909,0.8659658344283837,0.9802890932982917,0.8745852687458527
150,7,irregular,2,207,225,18,162,45,63,0.782608695652174,0.72,0.92,0.7499999999999999
150,7,regular,3,1221,1230,9,1219,2,11,0.9983619983619983,0.9910569105691057,0.9926829268292683,0.9946960424316605
150,7,semiregular,3,762,761,1,668,94,93,0.8766404199475065,0.8777923784494087,1.0013140604467805,0.8772160210111623
150,7,irregular,3,220,225,5,167,53,58,0.759090909090909,0.7422222222222222,0.9777777777777777,0.750561797752809
150,8,regular,1,1039,1035,4,1025,14,10,0.9865255052935515,0.9903381642512077,1.0038647342995168,0.9884281581485054
150,8,semiregular,1,809,827,18,724,85,103,0.8949320148331273,0.875453446191052,0.9782345828295043,0.8850855745721271
150,8,irregular,1,230,243,13,151,79,92,0.6565217391304348,0.6213991769547325,0.9465020576131687,0.6384778012684988
150,8,regular,2,1019,1035,16,1005,14,30,0.9862610402355251,0.9710144927536232,0.9845410628019323,0.9785783836416748
150,8,semiregular,2,839,827,12,766,73,61,0.9129916567342073,0.9262394195888755,1.014510278113664,0.9195678271308524
150,8,irregular,2,214,243,29,153,61,90,0.7149532710280374,0.6296296296296297,0.8806584362139918,0.6695842450765865
150,8,regular,3,1038,1035,3,1028,10,7,0.9903660886319846,0.9932367149758454,1.0028985507246377,0.9917993246502653
150,8,semiregular,3,835,827,8,759,76,68,0.9089820359281438,0.9177750906892382,1.0096735187424426,0.9133574007220217
150,8,irregular,3,239,243,4,166,73,77,0.694560669456067,0.6831275720164609,0.9835390946502057,0.6887966804979254
150,9,regular,1,1128,1107,21,1103,25,4,0.9778368794326241,0.996386630532972,1.018970189701897,0.9870246085011186
150,9,semiregular,1,660,701,41,615,45,86,0.9318181818181818,0.8773181169757489,0.9415121255349501,0.9037472446730346
150,9,irregular,1,234,266,32,163,71,103,0.6965811965811965,0.6127819548872181,0.8796992481203008,0.652
150,9,regular,2,1073,1107,34,1061,12,46,0.9888164026095061,0.9584462511291779,0.969286359530262,0.9733944954128441
150,9,semiregular,2,656,701,45,609,47,92,0.9283536585365854,0.8687589158345221,0.9358059914407989,0.8975681650700075
150,9,irregular,2,237,266,29,186,51,80,0.7848101265822784,0.6992481203007519,0.8909774436090225,0.7395626242544732
150,9,regular,3,1098,1107,9,1094,4,13,0.9963570127504554,0.988256549232159,0.991869918699187,0.9922902494331066
150,9,semiregular,3,702,701,1,654,48,47,0.9316239316239316,0.9329529243937232,1.0014265335235377,0.932287954383464
150,9,irregular,3,253,266,13,187,66,79,0.7391304347826086,0.7030075187969925,0.9511278195488722,0.7206165703275529
150,10,regular,1,1019,1014,5,1003,16,11,0.9842983316977428,0.9891518737672583,1.004930966469428,0.9867191342843089
150,10,semiregular,1,662,656,6,601,61,55,0.9078549848942599,0.9161585365853658,1.0091463414634145,0.9119878603945373
150,10,irregular,1,231,247,16,177,54,70,0.7662337662337663,0.7165991902834008,0.9352226720647774,0.7405857740585775
150,10,regular,2,1010,1014,4,996,14,18,0.9861386138613861,0.9822485207100592,0.9960552268244576,0.984189723320158
150,10,semiregular,2,639,656,17,583,56,73,0.9123630672926447,0.8887195121951219,0.9740853658536586,0.9003861003861002
150,10,irregular,2,231,247,16,193,38,54,0.8354978354978355,0.7813765182186235,0.9352226720647774,0.8075313807531381
150,10,regular,3,1026,1014,12,1010,16,4,0.9844054580896686,0.9960552268244576,1.0118343195266273,0.9901960784313726
150,10,semiregular,3,649,656,7,590,59,66,0.9090909090909091,0.899390243902439,0.989329268292683,0.9042145593869731
150,10,irregular,3,240,247,7,191,49,56,0.7958333333333333,0.7732793522267206,0.97165991902834,0.784394250513347
150,11,regular,1,1086,1070,16,1065,21,5,0.9806629834254144,0.9953271028037384,1.0149532710280373,0.9879406307977737
150,11,semiregular,1,720,700,20,623,97,77,0.8652777777777778,0.89,1.0285714285714285,0.8774647887323944
150,11,irregular,1,220,239,19,156,64,83,0.7090909090909091,0.6527196652719666,0.9205020920502092,0.6797385620915033
150,11,regular,2,1078,1070,8,1066,12,4,0.9888682745825603,0.9962616822429906,1.0074766355140188,0.9925512104283054
150,11,semiregular,2,701,700,1,619,82,81,0.8830242510699001,0.8842857142857142,1.0014285714285713,0.8836545324768023
150,11,irregular,2,211,239,28,161,50,78,0.7630331753554502,0.6736401673640168,0.8828451882845189,0.7155555555555557
150,11,regular,3,1064,1070,6,1059,5,11,0.9953007518796992,0.9897196261682243,0.994392523364486,0.9925023430178068
150,11,semiregular,3,695,700,5,618,77,82,0.8892086330935252,0.8828571428571429,0.9928571428571429,0.886021505376344
150,11,irregular,3,224,239,15,168,56,71,0.75,0.702928870292887,0.9372384937238494,0.7257019438444923
150,12,regular,1,1014,1007,7,1005,9,2,0.9911242603550295,0.9980139026812314,1.0069513406156902,0.9945571499257793
150,12,semiregular,1,687,641,46,578,109,63,0.8413391557496361,0.9017160686427457,1.0717628705148206,0.8704819277108433
150,12,irregular,1,249,204,45,162,87,42,0.6506024096385542,0.7941176470588235,1.2205882352941178,0.7152317880794702
150,12,regular,2,1025,1007,18,1007,18,0,0.9824390243902439,1.0,1.0178748758689176,0.9911417322834646
150,12,semiregular,2,655,641,14,561,94,80,0.8564885496183207,0.875195007800312,1.0218408736349454,0.8657407407407407
150,12,irregular,2,224,204,20,151,73,53,0.6741071428571429,0.7401960784313726,1.0980392156862746,0.705607476635514
150,12,regular,3,1016,1007,9,1004,12,3,0.9881889763779528,0.997020854021847,1.008937437934459,0.9925852694018784
150,12,semiregular,3,636,641,5,547,89,94,0.860062893081761,0.8533541341653667,0.9921996879875195,0.8566953797963979
150,12,irregular,3,214,204,10,140,74,64,0.6542056074766355,0.6862745098039216,1.0490196078431373,0.6698564593301435
150,13,regular,1,998,1000,2,994,4,6,0.9959919839679359,0.994,0.998,0.994994994994995
150,13,semiregular,1,851,815,36,767,84,48,0.9012925969447708,0.9411042944785276,1.0441717791411043,0.9207683073229291
150,13,irregular,1,251,216,35,151,100,65,0.601593625498008,0.6990740740740741,1.162037037037037,0.6466809421841542
150,13,regular,2,983,1000,17,972,11,28,0.9888097660223805,0.972,0.983,0.9803328290468987
150,13,semiregular,2,855,815,40,775,80,40,0.9064327485380117,0.950920245398773,1.049079754601227,0.9281437125748503
150,13,irregular,2,223,216,7,161,62,55,0.7219730941704036,0.7453703703703703,1.0324074074074074,0.7334851936218679
150,13,regular,3,999,1000,1,995,4,5,0.995995995995996,0.995,0.999,0.9954977488744372
150,13,semiregular,3,815,815,0,749,66,66,0.9190184049079755,0.9190184049079755,1.0,0.9190184049079755
150,13,irregular,3,212,216,4,158,54,58,0.7452830188679245,0.7314814814814815,0.9814814814814815,0.7383177570093458
150,14,regular,1,1048,1052,4,1046,2,6,0.9980916030534351,0.9942965779467681,0.9961977186311787,0.9961904761904762
150,14,semiregular,1,840,913,73,781,59,132,0.9297619047619048,0.8554216867469879,0.9200438116100766,0.8910439247005134
150,14,irregular,1,228,217,11,157,71,60,0.6885964912280702,0.7235023041474654,1.0506912442396312,0.7056179775280899
150,14,regular,2,1027,1052,25,1016,11,36,0.9892891918208374,0.9657794676806084,0.9762357414448669,0.9773929773929775
150,14,semiregular,2,914,913,1,846,68,67,0.925601750547046,0.9266155531215772,1.0010952902519168,0.9261083743842364
150,14,irregular,2,207,217,10,152,55,65,0.7342995169082126,0.7004608294930875,0.9539170506912442,0.7169811320754716
150,14,regular,3,1055,1052,3,1047,8,5,0.9924170616113744,0.9952471482889734,1.002851711026616,0.9938300901756052
150,14,semiregular,3,892,913,21,827,65,86,0.9271300448430493,0.9058050383351588,0.976998904709748,0.9163434903047091
150,14,irregular,3,204,217,13,152,52,65,0.7450980392156863,0.7004608294930875,0.9400921658986175,0.7220902612826603
150,15,regular,1,1001,964,37,964,37,0,0.9630369630369631,1.0,1.0383817427385893,0.9811704834605598
150,15,semiregular,1,814,774,40,731,83,43,0.898034398034398,0.9444444444444444,1.0516795865633075,0.9206549118387909
150,15,irregular,1,213,218,5,166,47,52,0.7793427230046949,0.7614678899082569,0.9770642201834863,0.7703016241299304
150,15,regular,2,961,964,3,949,12,15,0.9875130072840791,0.9844398340248963,0.9968879668049793,0.9859740259740261
150,15,semiregular,2,796,774,22,718,78,56,0.9020100502512562,0.9276485788113695,1.028423772609819,0.9146496815286624
150,15,irregular,2,202,218,16,159,43,59,0.7871287128712872,0.7293577981651376,0.926605504587156,0.7571428571428572
150,15,regular,3,959,964,5,954,5,10,0.9947862356621481,0.9896265560165975,0.9948132780082988,0.9921996879875196
150,15,semiregular,3,740,774,34,686,54,88,0.927027027027027,0.8863049095607235,0.9560723514211886,0.9062087186261558
150,15,irregular,3,210,218,8,165,45,53,0.7857142857142857,0.7568807339449541,0.963302752293578,0.7710280373831775
150,16,regular,1,1117,1109,8,1105,12,4,0.9892569382273948,0.9963931469792606,1.0072137060414788,0.9928122192273136
150,16,semiregular,1,696,681,15,603,93,78,0.8663793103448276,0.8854625550660793,1.0220264317180616,0.8758169934640523
150,16,irregular,1,197,272,75,126,71,146,0.6395939086294417,0.4632352941176471,0.7242647058823529,0.537313432835821
150,16,regular,2,1128,1109,19,1108,20,1,0.9822695035460993,0.9990982867448152,1.0171325518485121,0.9906124273580689
150,16,semiregular,2,686,681,5,591,95,90,0.8615160349854227,0.8678414096916299,1.0073421439060206,0.8646671543525969
150,16,irregular,2,248,272,24,187,61,85,0.7540322580645161,0.6875,0.9117647058823529,0.7192307692307693
150,16,regular,3,1111,1109,2,1106,5,3,0.9954995499549955,0.9972948602344455,1.0018034265103697,0.9963963963963963
150,16,semiregular,3,650,681,31,578,72,103,0.8892307692307693,0.8487518355359766,0.9544787077826725,0.868519909842224
150,16,irregular,3,246,272,26,192,54,80,0.7804878048780488,0.7058823529411765,0.9044117647058824,0.7413127413127415
150,17,regular,1,1045,1029,16,1026,19,3,0.9818181818181818,0.9970845481049563,1.0155490767735667,0.9893924783027965
150,17,semiregular,1,835,837,2,749,86,88,0.8970059880239521,0.8948626045400239,0.997610513739546,0.8959330143540669
150,17,irregular,1,213,240,27,134,79,106,0.6291079812206573,0.5583333333333333,0.8875,0.5916114790286976
150,17,regular,2,1030,1029,1,1019,11,10,0.9893203883495145,0.9902818270165209,1.000971817298348,0.9898008742107819
150,17,semiregular,2,852,837,15,771,81,66,0.9049295774647887,0.921146953405018,1.017921146953405,0.9129662522202486
150,17,irregular,2,253,240,13,172,81,68,0.6798418972332015,0.7166666666666667,1.0541666666666667,0.6977687626774848
150,17,regular,3,1036,1029,7,1027,9,2,0.9913127413127413,0.9980563654033042,1.0068027210884354,0.9946731234866828
150,17,semiregular,3,836,837,1,763,73,74,0.9126794258373205,0.9115890083632019,0.998805256869773,0.9121338912133891
150,17,irregular,3,240,240,0,169,71,71,0.7041666666666667,0.7041666666666667,1.0,0.7041666666666667
150,18,regular,1,1056,1044,12,1038,18,6,0.9829545454545454,0.9942528735632183,1.0114942528735633,0.9885714285714285
150,18,semiregular,1,794,801,7,730,64,71,0.9193954659949622,0.9113607990012484,0.9912609238451935,0.9153605015673981
150,18,irregular,1,237,252,15,176,61,76,0.7426160337552743,0.6984126984126984,0.9404761904761905,0.7198364008179959
150,18,regular,2,1048,1044,4,1039,9,5,0.9914122137404581,0.9952107279693486,1.003831417624521,0.9933078393881453
150,18,semiregular,2,846,801,45,771,75,30,0.9113475177304965,0.9625468164794008,1.0561797752808988,0.936247723132969
150,18,irregular,2,247,252,5,184,63,68,0.7449392712550608,0.7301587301587301,0.9801587301587301,0.7374749498997996
150,18,regular,3,1043,1044,1,1036,7,8,0.9932885906040269,0.9923371647509579,0.9990421455938697,0.9928126497364639
150,18,semiregular,3,794,801,7,738,56,63,0.929471032745592,0.9213483146067416,0.9912609238451935,0.9253918495297806
150,18,irregular,3,251,252,1,192,59,60,0.7649402390438247,0.7619047619047619,0.996031746031746,0.7634194831013915
150,19,regular,1,1084,1076,8,1066,18,10,0.9833948339483395,0.9907063197026023,1.0074349442379182,0.9870370370370369
150,19,semiregular,1,746,753,7,686,60,67,0.9195710455764075,0.9110225763612217,0.9907038512616202,0.9152768512341559
150,19,irregular,1,272,245,27,181,91,64,0.6654411764705882,0.7387755102040816,1.110204081632653,0.7001934235976789
150,19,regular,2,1065,1076,11,1060,5,16,0.9953051643192489,0.9851301115241635,0.9897769516728625,0.9901914992993928
150,19,semiregular,2,731,753,22,666,65,87,0.9110807113543091,0.8844621513944223,0.9707835325365206,0.8975741239892183
150,19,irregular,2,247,245,2,176,71,69,0.7125506072874493,0.7183673469387755,1.0081632653061225,0.7154471544715447
150,19,regular,3,1081,1076,5,1071,10,5,0.9907493061979649,0.9953531598513011,1.004646840148699,0.9930458970792767
150,19,semiregular,3,717,753,36,660,57,93,0.9205020920502092,0.8764940239043825,0.952191235059761,0.8979591836734694
150,19,irregular,3,243,245,2,173,70,72,0.7119341563786008,0.7061224489795919,0.9918367346938776,0.7090163934426229
150,20,regular,1,1247,1251,4,1233,14,18,0.9887730553327987,0.9856115107913669,0.996802557953637,0.9871897518014412
150,20,semiregular,1,874,841,33,762,112,79,0.8718535469107551,0.906064209274673,1.0392390011890607,0.8886297376093295
150,20,irregular,1,251,252,1,157,94,95,0.6254980079681275,0.623015873015873,0.996031746031746,0.6242544731610339
150,20,regular,2,1242,1251,9,1227,15,24,0.9879227053140096,0.9808153477218226,0.9928057553956835,0.9843561973525872
150,20,semiregular,2,804,841,37,714,90,127,0.8880597014925373,0.8489892984542212,0.9560047562425684,0.8680851063829789
150,20,irregular,2,231,252,21,171,60,81,0.7402597402597403,0.6785714285714286,0.9166666666666666,0.7080745341614907
150,20,regular,3,1224,1251,27,1219,5,32,0.9959150326797386,0.9744204636290967,0.9784172661870504,0.9850505050505051
150,20,semiregular,3,820,841,21,729,91,112,0.8890243902439025,0.8668252080856124,0.9750297265160524,0.8777844671884407
150,20,irregular,3,242,252,10,180,62,72,0.743801652892562,0.7142857142857143,0.9603174603174603,0.728744939271255
150,21,regular,1,951,920,31,919,32,1,0.9663512092534174,0.9989130434782608,1.0336956521739131,0.9823623730625334
150,21,semiregular,1,551,549,2,453,98,96,0.822141560798548,0.825136612021858,1.0036429872495447,0.8236363636363637
150,21,irregular,1,225,204,21,157,68,47,0.6977777777777778,0.7696078431372549,1.1029411764705883,0.7319347319347319
150,21,regular,2,920,920,0,905,15,15,0.9836956521739131,0.9836956521739131,1.0,0.9836956521739131
150,21,semiregular,2,577,549,28,478,99,71,0.82842287694974,0.8706739526411658,1.0510018214936248,0.8490230905861458
150,21,irregular,2,210,204,6,151,59,53,0.719047619047619,0.7401960784313726,1.0294117647058822,0.7294685990338163
150,21,regular,3,913,920,7,909,4,11,0.9956188389923329,0.9880434782608696,0.9923913043478261,0.9918166939443535
150,21,semiregular,3,565,549,16,478,87,71,0.8460176991150442,0.8706739526411658,1.029143897996357,0.858168761220826
150,21,irregular,3,200,204,4,151,49,53,0.755,0.7401960784313726,0.9803921568627451,0.7475247524752475
150,22,regular,1,978,946,32,942,36,4,0.9631901840490797,0.9957716701902748,1.0338266384778012,0.9792099792099792
150,22,semiregular,1,710,703,7,624,86,79,0.8788732394366198,0.887624466571835,1.0099573257467995,0.8832271762208068
150,22,irregular,1,200,247,47,149,51,98,0.745,0.6032388663967612,0.8097165991902834,0.6666666666666666
150,22,regular,2,968,946,22,933,35,13,0.9638429752066116,0.9862579281183932,1.0232558139534884,0.9749216300940439
150,22,semiregular,2,698,703,5,626,72,77,0.8968481375358166,0.8904694167852063,0.9928876244665719,0.8936473947180585
150,22,irregular,2,225,247,22,167,58,80,0.7422222222222222,0.6761133603238867,0.9109311740890689,0.7076271186440678
150,22,regular,3,948,946,2,941,7,5,0.9926160337552743,0.9947145877378436,1.0021141649048626,0.9936642027455123
150,22,semiregular,3,691,703,12,619,72,84,0.8958031837916064,0.8805120910384068,0.9829302987197724,0.8880918220946915
150,22,irregular,3,231,247,16,176,55,71,0.7619047619047619,0.7125506072874493,0.9352226720647774,0.7364016736401673
150,23,regular,1,986,999,13,978,8,21,0.9918864097363083,0.978978978978979,0.986986986986987,0.9853904282115867
150,23,semiregular,1,849,835,14,752,97,83,0.8857479387514723,0.9005988023952096,1.0167664670658683,0.8931116389548694
150,23,irregular,1,190,266,76,126,64,140,0.6631578947368421,0.47368421052631576,0.7142857142857143,0.5526315789473684
150,23,regular,2,985,999,14,971,14,28,0.9857868020304569,0.9719719719719719,0.985985985985986,0.9788306451612903
150,23,semiregular,2,841,835,6,740,101,95,0.8799048751486326,0.8862275449101796,1.007185628742515,0.883054892601432
150,23,irregular,2,250,266,16,172,78,94,0.688,0.6466165413533834,0.9398496240601504,0.6666666666666665
150,23,regular,3,1002,999,3,990,12,9,0.9880239520958084,0.990990990990991,1.003003003003003,0.9895052473763118
150,23,semiregular,3,839,835,4,746,93,89,0.8891537544696066,0.8934131736526946,1.0047904191616766,0.8912783751493428
150,23,irregular,3,257,266,9,178,79,88,0.6926070038910506,0.6691729323308271,0.9661654135338346,0.6806883365200764
150,24,regular,1,1099,1079,20,1078,21,1,0.9808917197452229,0.9990732159406858,1.0185356811862836,0.98989898989899
150,24,semiregular,1,669,680,11,615,54,65,0.9192825112107623,0.9044117647058824,0.9838235294117647,0.9117865085248331
150,24,irregular,1,212,247,35,166,46,81,0.7830188679245284,0.6720647773279352,0.8582995951417004,0.7233115468409587
150,24,regular,2,1071,1079,8,1056,15,23,0.9859943977591037,0.9786839666357738,0.9925857275254866,0.9823255813953489
150,24,semiregular,2,663,680,17,609,54,71,0.918552036199095,0.8955882352941177,0.975,0.9069247952345495
150,24,irregular,2,215,247,32,175,40,72,0.813953488372093,0.708502024291498,0.8704453441295547,0.7575757575757576
150,24,regular,3,1079,1079,0,1074,5,5,0.995366079703429,0.995366079703429,1.0,0.995366079703429
150,24,semiregular,3,672,680,8,621,51,59,0.9241071428571429,0.913235294117647,0.9882352941176471,0.9186390532544378
150,24,irregular,3,237,247,10,188,49,59,0.7932489451476793,0.7611336032388664,0.9595141700404858,0.7768595041322314
150,25,regular,1,973,946,27,943,30,3,0.9691675231243576,0.9968287526427061,1.0285412262156448,0.982803543512246
150,25,semiregular,1,680,718,38,603,77,115,0.8867647058823529,0.8398328690807799,0.947075208913649,0.8626609442060085
150,25,irregular,1,242,207,35,143,99,64,0.5909090909090909,0.6908212560386473,1.1690821256038648,0.6369710467706013
150,25,regular,2,915,946,31,908,7,38,0.9923497267759562,0.959830866807611,0.96723044397463,0.9758194519075766
150,25,semiregular,2,748,718,30,649,99,69,0.8676470588235294,0.903899721448468,1.041782729805014,0.8854024556616644
150,25,irregular,2,186,207,21,126,60,81,0.6774193548387096,0.6086956521739131,0.8985507246376812,0.6412213740458016
150,25,regular,3,777,946,169,775,2,171,0.9974259974259975,0.8192389006342494,0.821353065539112,0.8995937318630296
150,25,semiregular,3,651,718,67,584,67,134,0.8970814132104454,0.8133704735376045,0.9066852367688022,0.8531775018261504
150,25,irregular,3,205,207,2,126,79,81,0.6146341463414634,0.6086956521739131,0.9903381642512077,0.6116504854368932
150,26,regular,1,1023,985,38,981,42,4,0.9589442815249267,0.9959390862944163,1.0385786802030457,0.9770916334661355
150,26,semiregular,1,731,720,11,636,95,84,0.8700410396716827,0.8833333333333333,1.0152777777777777,0.8766368022053755
150,26,irregular,1,301,214,87,174,127,40,0.5780730897009967,0.8130841121495327,1.4065420560747663,0.6757281553398058
150,26,regular,2,806,985,179,801,5,184,0.9937965260545906,0.8131979695431472,0.8182741116751269,0.8944723618090452
150,26,semiregular,2,644,720,76,579,65,141,0.8990683229813664,0.8041666666666667,0.8944444444444445,0.8489736070381232
150,26,irregular,2,231,214,17,152,79,62,0.658008658008658,0.7102803738317757,1.0794392523364487,0.6831460674157303
150,26,regular,3,1058,985,73,976,82,9,0.9224952741020794,0.9908629441624366,1.0741116751269035,0.9554576603034753
150,26,semiregular,3,805,720,85,682,123,38,0.8472049689440994,0.9472222222222222,1.1180555555555556,0.8944262295081967
150,26,irregular,3,260,214,46,164,96,50,0.6307692307692307,0.7663551401869159,1.2149532710280373,0.6919831223628692
150,27,regular,1,1060,1166,106,1049,11,117,0.9896226415094339,0.8996569468267581,0.9090909090909091,0.9424977538185086
150,27,semiregular,1,603,728,125,533,70,195,0.8839137645107794,0.7321428571428571,0.8282967032967034,0.8009015777610818
150,27,irregular,1,186,270,84,143,43,127,0.7688172043010753,0.5296296296296297,0.6888888888888889,0.6271929824561403
150,27,regular,2,1094,1166,72,1075,19,91,0.9826325411334552,0.9219554030874786,0.9382504288164666,0.9513274336283186
150,27,semiregular,2,738,728,10,658,80,70,0.8915989159891599,0.9038461538461539,1.0137362637362637,0.897680763983629
150,27,irregular,2,245,270,25,199,46,71,0.8122448979591836,0.737037037037037,0.9074074074074074,0.7728155339805826
150,27,regular,3,1169,1166,3,1163,6,3,0.9948674080410608,0.9974271012006861,1.0025728987993139,0.9961456102783727
150,27,semiregular,3,714,728,14,649,65,79,0.9089635854341737,0.8914835164835165,0.9807692307692307,0.9001386962552012
150,27,irregular,3,252,270,18,193,59,77,0.7658730158730159,0.7148148148148148,0.9333333333333333,0.7394636015325671
150,28,regular,1,1098,1098,0,1077,21,21,0.9808743169398907,0.9808743169398907,1.0,0.9808743169398907
150,28,semiregular,1,878,859,19,775,103,84,0.8826879271070615,0.9022118742724098,1.0221187427240979,0.8923431203223948
150,28,irregular,1,243,293,50,143,100,150,0.588477366255144,0.4880546075085324,0.8293515358361775,0.5335820895522387
150,28,regular,2,1102,1098,4,1084,18,14,0.9836660617059891,0.9872495446265938,1.0036429872495447,0.9854545454545455
150,28,semiregular,2,846,859,13,764,82,95,0.9030732860520094,0.889406286379511,0.9848661233993015,0.8961876832844574
150,28,irregular,2,253,293,40,177,76,116,0.6996047430830039,0.6040955631399317,0.863481228668942,0.6483516483516484
150,28,regular,3,1095,1098,3,1087,8,11,0.9926940639269406,0.9899817850637522,0.9972677595628415,0.9913360693114455
150,28,semiregular,3,808,859,51,745,63,114,0.9220297029702971,0.8672875436554133,0.940628637951106,0.8938212357528494
150,28,irregular,3,259,293,34,173,86,120,0.667953667953668,0.590443686006826,0.8839590443686007,0.6268115942028987
150,29,regular,1,1149,1140,9,1135,14,5,0.9878154917319408,0.9956140350877193,1.0078947368421052,0.9916994320664047
150,29,semiregular,1,882,869,13,777,105,92,0.8809523809523809,0.8941311852704258,1.0149597238204833,0.8874928612221586
150,29,irregular,1,239,247,8,163,76,84,0.6820083682008368,0.659919028340081,0.9676113360323887,0.6707818930041153
150,29,regular,2,1082,1140,58,1067,15,73,0.9861367837338263,0.9359649122807018,0.9491228070175438,0.9603960396039605
150,29,semiregular,2,970,869,101,827,143,42,0.8525773195876288,0.9516685845799769,1.1162255466052935,0.8994018488308864
150,29,irregular,2,248,247,1,178,70,69,0.717741935483871,0.7206477732793523,1.0040485829959513,0.7191919191919193
150,29,regular,3,1080,1140,60,1076,4,64,0.9962962962962963,0.9438596491228071,0.9473684210526315,0.9693693693693695
150,29,semiregular,3,855,869,14,756,99,113,0.8842105263157894,0.8699654775604143,0.9838895281933256,0.8770301624129931
150,29,irregular,3,247,247,0,183,64,64,0.7408906882591093,0.7408906882591093,1.0,0.7408906882591093
150,30,regular,1,976,997,21,969,7,28,0.992827868852459,0.9719157472417251,0.9789368104312939,0.9822605169792195
150,30,semiregular,1,792,810,18,724,68,86,0.9141414141414141,0.8938271604938272,0.9777777777777777,0.9038701622971286
150,30,irregular,1,232,250,18,148,84,102,0.6379310344827587,0.592,0.928,0.6141078838174274
150,30,regular,2,960,997,37,952,8,45,0.9916666666666667,0.954864593781344,0.9628886659979939,0.972917731221257
150,30,semiregular,2,801,810,9,734,67,76,0.916354556803995,0.9061728395061729,0.9888888888888889,0.9112352576039727
150,30,irregular,2,222,250,28,158,64,92,0.7117117117117117,0.632,0.888,0.6694915254237288
150,30,regular,3,997,997,0,993,4,4,0.995987963891675,0.995987963891675,1.0,0.995987963891675
150,30,semiregular,3,807,810,3,742,65,68,0.919454770755886,0.9160493827160494,0.9962962962962963,0.9177489177489178
150,30,irregular,3,238,250,12,164,74,86,0.6890756302521008,0.656,0.952,0.6721311475409837
