Window size,Subject,Gait,Sensor,Predicted,Actual,Difference,TP,FP,FN,PPV,Sensitivity,RCA,SDA
15,1,regular,1,971,937,34,929,42,8,0.956745623069001,0.991462113127001,1.0362860192102454,0.9737945492662474
15,1,semiregular,1,798,703,95,618,180,85,0.7744360902255639,0.8790896159317212,1.135135135135135,0.8234510326449034
15,1,irregular,1,130,199,69,39,91,160,0.3,0.19597989949748743,0.6532663316582915,0.2370820668693009
15,1,regular,2,939,937,2,922,17,15,0.9818956336528222,0.983991462113127,1.0021344717182497,0.9829424307036246
15,1,semiregular,2,732,703,29,586,146,117,0.8005464480874317,0.833570412517781,1.0412517780938833,0.8167247386759583
15,1,irregular,2,151,199,48,49,102,150,0.32450331125827814,0.24623115577889448,0.7587939698492462,0.28
15,1,regular,3,942,937,5,934,8,3,0.9915074309978769,0.9967982924226254,1.0053361792956244,0.9941458222458754
15,1,semiregular,3,766,703,63,677,89,26,0.8838120104438643,0.9630156472261735,1.0896159317211949,0.921715452688904
15,1,irregular,3,200,199,1,172,28,27,0.86,0.864321608040201,1.0050251256281406,0.8621553884711779
15,2,regular,1,1132,1224,92,1122,10,102,0.991166077738516,0.9166666666666666,0.9248366013071896,0.9524617996604414
15,2,semiregular,1,592,647,55,545,47,102,0.9206081081081081,0.8423493044822257,0.9149922720247295,0.8797417271993544
15,2,irregular,1,204,217,13,40,164,177,0.19607843137254902,0.18433179723502305,0.9400921658986175,0.19002375296912113
15,2,regular,2,1165,1224,59,1156,9,68,0.992274678111588,0.9444444444444444,0.951797385620915,0.9677689409794893
15,2,semiregular,2,604,647,43,577,27,70,0.9552980132450332,0.8918083462132921,0.9335394126738794,0.9224620303756994
15,2,irregular,2,196,217,21,63,133,154,0.32142857142857145,0.2903225806451613,0.9032258064516129,0.3050847457627119
15,2,regular,3,1177,1224,47,1167,10,57,0.9915038232795242,0.9534313725490197,0.9616013071895425,0.9720949604331529
15,2,semiregular,3,609,647,38,548,61,99,0.8998357963875205,0.8469860896445132,0.9412673879443586,0.8726114649681529
15,2,irregular,3,176,217,41,72,104,145,0.4090909090909091,0.3317972350230415,0.8110599078341014,0.36641221374045807
15,3,regular,1,994,1053,59,994,0,59,1.0,0.9439696106362773,0.9439696106362773,0.9711773326819737
15,3,semiregular,1,669,716,47,577,92,139,0.8624813153961136,0.8058659217877095,0.9343575418994413,0.8332129963898918
15,3,irregular,1,200,224,24,44,156,180,0.22,0.19642857142857142,0.8928571428571429,0.20754716981132074
15,3,regular,2,1006,1053,47,1006,0,47,1.0,0.9553656220322887,0.9553656220322887,0.9771733851384167
15,3,semiregular,2,685,716,31,591,94,125,0.8627737226277372,0.8254189944134078,0.9567039106145251,0.8436830835117773
15,3,irregular,2,169,224,55,40,129,184,0.23668639053254437,0.17857142857142858,0.7544642857142857,0.2035623409669211
15,3,regular,3,1018,1053,35,1018,0,35,1.0,0.9667616334283001,0.9667616334283001,0.9830999517141479
15,3,semiregular,3,732,716,16,691,41,25,0.9439890710382514,0.9650837988826816,1.0223463687150838,0.9544198895027624
15,3,irregular,3,224,224,0,205,19,19,0.9151785714285714,0.9151785714285714,1.0,0.9151785714285714
15,4,regular,1,1070,1101,31,1061,9,40,0.991588785046729,0.963669391462307,0.971843778383288,0.9774297558728697
15,4,semiregular,1,702,614,88,546,156,68,0.7777777777777778,0.8892508143322475,1.1433224755700326,0.8297872340425533
15,4,irregular,1,192,228,36,42,150,186,0.21875,0.18421052631578946,0.8421052631578947,0.19999999999999998
15,4,regular,2,1069,1101,32,1062,7,39,0.9934518241347053,0.9645776566757494,0.9709355131698456,0.9788018433179724
15,4,semiregular,2,649,614,35,525,124,89,0.8089368258859785,0.8550488599348535,1.0570032573289903,0.8313539192399051
15,4,irregular,2,201,228,27,55,146,173,0.2736318407960199,0.2412280701754386,0.881578947368421,0.2564102564102564
15,4,regular,3,1106,1101,5,1097,9,4,0.9918625678119349,0.9963669391462306,1.0045413260672116,0.9941096511101042
15,4,semiregular,3,636,614,22,583,53,31,0.9166666666666666,0.9495114006514658,1.0358306188925082,0.9328
15,4,irregular,3,237,228,9,200,37,28,0.8438818565400844,0.8771929824561403,1.0394736842105263,0.8602150537634409
15,5,regular,1,1016,1044,28,1015,1,29,0.9990157480314961,0.9722222222222222,0.9731800766283525,0.9854368932038835
15,5,semiregular,1,761,668,93,584,177,84,0.7674113009198423,0.874251497005988,1.1392215568862276,0.8173547935619314
15,5,irregular,1,244,217,27,47,197,170,0.19262295081967212,0.21658986175115208,1.1244239631336406,0.2039045553145336
15,5,regular,2,1042,1044,2,1039,3,5,0.9971209213051824,0.9952107279693486,0.9980842911877394,0.9961649089165867
15,5,semiregular,2,763,668,95,586,177,82,0.7680209698558322,0.8772455089820359,1.1422155688622755,0.8190076869322153
15,5,irregular,2,212,217,5,47,165,170,0.22169811320754718,0.21658986175115208,0.9769585253456221,0.2191142191142191
15,5,regular,3,1050,1044,6,1044,6,0,0.9942857142857143,1.0,1.0057471264367817,0.9971346704871061
15,5,semiregular,3,730,668,62,648,82,20,0.8876712328767123,0.9700598802395209,1.092814371257485,0.927038626609442
15,5,irregular,3,230,217,13,189,41,28,0.8217391304347826,0.8709677419354839,1.0599078341013826,0.8456375838926175
15,6,regular,1,927,915,12,909,18,6,0.9805825242718447,0.9934426229508196,1.0131147540983607,0.9869706840390878
15,6,semiregular,1,671,701,30,574,97,127,0.8554396423248882,0.818830242510699,0.9572039942938659,0.8367346938775511
15,6,irregular,1,238,195,43,45,193,150,0.18907563025210083,0.23076923076923078,1.2205128205128206,0.20785219399538107
15,6,regular,2,923,915,8,911,12,4,0.9869989165763814,0.9956284153005465,1.008743169398907,0.9912948857453754
15,6,semiregular,2,678,701,23,585,93,116,0.8628318584070797,0.8345221112696148,0.9671897289586305,0.8484408992023205
15,6,irregular,2,202,195,7,36,166,159,0.1782178217821782,0.18461538461538463,1.035897435897436,0.18136020151133503
15,6,regular,3,951,915,36,915,36,0,0.9621451104100947,1.0,1.039344262295082,0.9807073954983923
15,6,semiregular,3,723,701,22,673,50,28,0.9308437067773168,0.9600570613409415,1.0313837375178316,0.9452247191011237
15,6,irregular,3,207,195,12,168,39,27,0.8115942028985508,0.8615384615384616,1.0615384615384615,0.835820895522388
15,7,regular,1,1170,1230,60,1163,7,67,0.994017094017094,0.9455284552845529,0.9512195121951219,0.9691666666666667
15,7,semiregular,1,803,761,42,662,141,99,0.8244084682440846,0.8699080157687253,1.055190538764783,0.846547314578005
15,7,irregular,1,253,225,28,44,209,181,0.17391304347826086,0.19555555555555557,1.1244444444444444,0.18410041841004182
15,7,regular,2,1215,1230,15,1207,8,23,0.9934156378600824,0.9813008130081301,0.9878048780487805,0.9873210633946831
15,7,semiregular,2,776,761,15,642,134,119,0.8273195876288659,0.8436268068331143,1.0197109067017083,0.8353936239427456
15,7,irregular,2,259,225,34,51,208,174,0.1969111969111969,0.22666666666666666,1.1511111111111112,0.21074380165289258
15,7,regular,3,1204,1230,26,1201,3,29,0.9975083056478405,0.9764227642276423,0.9788617886178862,0.9868529170090387
15,7,semiregular,3,772,761,11,698,74,63,0.9041450777202072,0.9172141918528253,1.014454664914586,0.9106327462491847
15,7,irregular,3,228,225,3,200,28,25,0.8771929824561403,0.8888888888888888,1.0133333333333334,0.8830022075055187
15,8,regular,1,984,1035,51,979,5,56,0.9949186991869918,0.9458937198067633,0.9507246376811594,0.9697870232788509
15,8,semiregular,1,801,827,26,688,113,139,0.8589263420724095,0.8319226118500604,0.9685610640870617,0.8452088452088453
15,8,irregular,1,321,243,78,44,277,199,0.13707165109034267,0.18106995884773663,1.3209876543209877,0.15602836879432624
15,8,regular,2,1009,1035,26,1001,8,34,0.9920713577799801,0.9671497584541063,0.9748792270531401,0.9794520547945206
15,8,semiregular,2,798,827,29,686,112,141,0.8596491228070176,0.8295042321644498,0.9649334945586457,0.8443076923076922
15,8,irregular,2,291,243,48,41,250,202,0.140893470790378,0.16872427983539096,1.1975308641975309,0.15355805243445694
15,8,regular,3,1030,1035,5,1024,6,11,0.9941747572815534,0.9893719806763285,0.9951690821256038,0.9917675544794189
15,8,semiregular,3,841,827,14,783,58,44,0.9310344827586207,0.9467956469165659,1.0169286577992744,0.9388489208633094
15,8,irregular,3,247,243,4,216,31,27,0.8744939271255061,0.8888888888888888,1.0164609053497942,0.8816326530612245
15,9,regular,1,1036,1107,71,1033,3,74,0.997104247104247,0.9331526648599819,0.935862691960253,0.9640690620625291
15,9,semiregular,1,577,701,124,528,49,173,0.9150779896013865,0.7532097004279601,0.8231098430813124,0.8262910798122065
15,9,irregular,1,238,266,28,45,193,221,0.18907563025210083,0.16917293233082706,0.8947368421052632,0.17857142857142852
15,9,regular,2,1071,1107,36,1068,3,39,0.9971988795518207,0.964769647696477,0.967479674796748,0.9807162534435263
15,9,semiregular,2,578,701,123,532,46,169,0.9204152249134948,0.7589158345221113,0.8245363766048502,0.8318999218139173
15,9,irregular,2,221,266,45,37,184,229,0.167420814479638,0.13909774436090225,0.8308270676691729,0.15195071868583163
15,9,regular,3,1077,1107,30,1076,1,31,0.9990714948932219,0.971996386630533,0.9728997289972899,0.9853479853479853
15,9,semiregular,3,657,701,44,636,21,65,0.9680365296803652,0.9072753209700428,0.9372325249643366,0.9366715758468335
15,9,irregular,3,246,266,20,220,26,46,0.8943089430894309,0.8270676691729323,0.924812030075188,0.8593749999999999
15,10,regular,1,1024,1014,10,1000,24,14,0.9765625,0.9861932938856016,1.009861932938856,0.9813542688910697
15,10,semiregular,1,660,656,4,574,86,82,0.8696969696969697,0.875,1.0060975609756098,0.8723404255319149
15,10,irregular,1,236,247,11,62,174,185,0.2627118644067797,0.25101214574898784,0.9554655870445344,0.25672877846790887
15,10,regular,2,1039,1014,25,1011,28,3,0.973051010587103,0.9970414201183432,1.02465483234714,0.9849001461276181
15,10,semiregular,2,645,656,11,565,80,91,0.875968992248062,0.8612804878048781,0.9832317073170732,0.8685626441199078
15,10,irregular,2,233,247,14,52,181,195,0.22317596566523606,0.21052631578947367,0.9433198380566802,0.21666666666666665
15,10,regular,3,1026,1014,12,1010,16,4,0.9844054580896686,0.9960552268244576,1.0118343195266273,0.9901960784313726
15,10,semiregular,3,681,656,25,637,44,19,0.9353891336270191,0.9710365853658537,1.038109756097561,0.9528795811518325
15,10,irregular,3,245,247,2,211,34,36,0.8612244897959184,0.854251012145749,0.9919028340080972,0.8577235772357723
15,11,regular,1,1032,1070,38,1031,1,39,0.999031007751938,0.9635514018691589,0.9644859813084112,0.9809705042816365
15,11,semiregular,1,703,700,3,577,126,123,0.8207681365576103,0.8242857142857143,1.0042857142857142,0.8225231646471846
15,11,irregular,1,224,239,15,53,171,186,0.23660714285714285,0.2217573221757322,0.9372384937238494,0.22894168466522677
15,11,regular,2,1060,1070,10,1059,1,11,0.9990566037735849,0.9897196261682243,0.9906542056074766,0.9943661971830985
15,11,semiregular,2,693,700,7,578,115,122,0.834054834054834,0.8257142857142857,0.99,0.8298636037329504
15,11,irregular,2,208,239,31,45,163,194,0.21634615384615385,0.18828451882845187,0.8702928870292888,0.20134228187919465
15,11,regular,3,1066,1070,4,1065,1,5,0.99906191369606,0.9953271028037384,0.9962616822429906,0.9971910112359551
15,11,semiregular,3,711,700,11,666,45,34,0.9367088607594937,0.9514285714285714,1.0157142857142858,0.9440113394755493
15,11,irregular,3,231,239,8,207,24,32,0.8961038961038961,0.8661087866108786,0.9665271966527197,0.8808510638297872
15,12,regular,1,1000,1007,7,997,3,10,0.997,0.9900695134061569,0.9930486593843099,0.9935226706527155
15,12,semiregular,1,704,641,63,556,148,85,0.7897727272727273,0.8673946957878315,1.0982839313572543,0.8267657992565056
15,12,irregular,1,235,204,31,44,191,160,0.18723404255319148,0.21568627450980393,1.1519607843137254,0.20045558086560364
15,12,regular,2,997,1007,10,995,2,12,0.9979939819458375,0.9880834160873883,0.9900695134061569,0.9930139720558881
15,12,semiregular,2,671,641,30,525,146,116,0.7824143070044709,0.8190327613104524,1.046801872074883,0.8003048780487805
15,12,irregular,2,227,204,23,43,184,161,0.1894273127753304,0.2107843137254902,1.1127450980392157,0.19953596287703015
15,12,regular,3,1010,1007,3,999,11,8,0.9891089108910891,0.9920556107249255,1.002979145978153,0.9905800694100149
15,12,semiregular,3,682,641,41,613,69,28,0.8988269794721407,0.9563182527301092,1.06396255850234,0.926681783824641
15,12,irregular,3,242,204,38,197,45,7,0.8140495867768595,0.9656862745098039,1.1862745098039216,0.8834080717488789
15,13,regular,1,996,1000,4,995,1,5,0.998995983935743,0.995,0.996,0.9969939879759518
15,13,semiregular,1,801,815,14,702,99,113,0.8764044943820225,0.8613496932515338,0.9828220858895705,0.8688118811881188
15,13,irregular,1,318,216,102,44,274,172,0.13836477987421383,0.2037037037037037,1.4722222222222223,0.1647940074906367
15,13,regular,2,1001,1000,1,995,6,5,0.994005994005994,0.995,1.001,0.9945027486256871
15,13,semiregular,2,760,815,55,670,90,145,0.881578947368421,0.8220858895705522,0.9325153374233128,0.8507936507936509
15,13,irregular,2,281,216,65,34,247,182,0.12099644128113879,0.1574074074074074,1.3009259259259258,0.13682092555331993
15,13,regular,3,991,1000,9,991,0,9,1.0,0.991,0.991,0.9954796584630838
15,13,semiregular,3,836,815,21,796,40,19,0.9521531100478469,0.9766871165644172,1.0257668711656442,0.9642640823743185
15,13,irregular,3,237,216,21,198,39,18,0.8354430379746836,0.9166666666666666,1.0972222222222223,0.8741721854304636
15,14,regular,1,984,1052,68,983,1,69,0.9989837398373984,0.9344106463878327,0.935361216730038,0.9656188605108054
15,14,semiregular,1,884,913,29,765,119,148,0.8653846153846154,0.8378970427163198,0.968236582694414,0.8514190317195326
15,14,irregular,1,216,217,1,43,173,174,0.19907407407407407,0.19815668202764977,0.9953917050691244,0.19861431870669743
15,14,regular,2,1026,1052,26,1024,2,28,0.9980506822612085,0.973384030418251,0.9752851711026616,0.9855630413859481
15,14,semiregular,2,902,913,11,817,85,96,0.9057649667405765,0.8948521358159912,0.9879518072289156,0.9002754820936639
15,14,irregular,2,201,217,16,41,160,176,0.20398009950248755,0.1889400921658986,0.9262672811059908,0.19617224880382775
15,14,regular,3,1009,1052,43,1009,0,43,1.0,0.9591254752851711,0.9591254752851711,0.9791363415817564
15,14,semiregular,3,838,913,75,664,174,249,0.7923627684964201,0.7272727272727273,0.9178532311062432,0.7584237578526556
15,14,irregular,3,222,217,5,193,29,24,0.8693693693693694,0.8894009216589862,1.023041474654378,0.8792710706150342
15,15,regular,1,926,964,38,925,1,39,0.9989200863930886,0.9595435684647303,0.9605809128630706,0.978835978835979
15,15,semiregular,1,722,774,52,632,90,142,0.8753462603878116,0.8165374677002584,0.9328165374677002,0.8449197860962566
15,15,irregular,1,250,218,32,46,204,172,0.184,0.21100917431192662,1.146788990825688,0.19658119658119658
15,15,regular,2,957,964,7,955,2,9,0.9979101358411703,0.9906639004149378,0.9927385892116183,0.9942738157209786
15,15,semiregular,2,734,774,40,645,89,129,0.8787465940054496,0.8333333333333334,0.9483204134366925,0.8554376657824934
15,15,irregular,2,218,218,0,47,171,171,0.21559633027522937,0.21559633027522937,1.0,0.2155963302752294
15,15,regular,3,965,964,1,961,4,3,0.9958549222797928,0.9968879668049793,1.0010373443983402,0.9963711767755314
15,15,semiregular,3,779,774,5,738,41,36,0.9473684210526315,0.9534883720930233,1.0064599483204135,0.9504185447520928
15,15,irregular,3,232,218,14,207,25,11,0.8922413793103449,0.9495412844036697,1.0642201834862386,0.9199999999999999
15,16,regular,1,1074,1109,35,1067,7,42,0.9934823091247672,0.9621280432822362,0.9684400360685302,0.9775538250114522
15,16,semiregular,1,725,681,44,599,126,82,0.8262068965517242,0.8795888399412628,1.064610866372981,0.8520625889046941
15,16,irregular,1,231,272,41,57,174,215,0.24675324675324675,0.20955882352941177,0.8492647058823529,0.22664015904572565
15,16,regular,2,1105,1109,4,1098,7,11,0.9936651583710407,0.9900811541929666,0.9963931469792606,0.9918699186991871
15,16,semiregular,2,682,681,1,571,111,110,0.8372434017595308,0.8384728340675477,1.0014684287812041,0.8378576669112253
15,16,irregular,2,186,272,86,46,140,226,0.24731182795698925,0.16911764705882354,0.6838235294117647,0.20087336244541484
15,16,regular,3,1099,1109,10,1096,3,13,0.997270245677889,0.9882777276825969,0.9909828674481514,0.9927536231884058
15,16,semiregular,3,662,681,19,618,44,63,0.9335347432024169,0.9074889867841409,0.9720998531571219,0.9203276247207745
15,16,irregular,3,246,272,26,215,31,57,0.8739837398373984,0.7904411764705882,0.9044117647058824,0.83011583011583
15,17,regular,1,980,1029,49,978,2,51,0.9979591836734694,0.9504373177842566,0.9523809523809523,0.9736187157789946
15,17,semiregular,1,785,837,52,691,94,146,0.8802547770700637,0.8255675029868578,0.937873357228196,0.8520345252774353
15,17,irregular,1,269,240,29,56,213,184,0.20817843866171004,0.23333333333333334,1.1208333333333333,0.2200392927308448
15,17,regular,2,1014,1029,15,1013,1,16,0.9990138067061144,0.9844509232264335,0.9854227405247813,0.9916789035731767
15,17,semiregular,2,773,837,64,684,89,153,0.8848641655886158,0.8172043010752689,0.9235364396654719,0.849689440993789
15,17,irregular,2,246,240,6,50,196,190,0.2032520325203252,0.20833333333333334,1.025,0.20576131687242796
15,17,regular,3,1035,1029,6,1028,7,1,0.9932367149758454,0.9990281827016521,1.0058309037900874,0.9961240310077519
15,17,semiregular,3,827,837,10,795,32,42,0.9613059250302297,0.9498207885304659,0.98805256869773,0.955528846153846
15,17,irregular,3,245,240,5,209,36,31,0.8530612244897959,0.8708333333333333,1.0208333333333333,0.8618556701030928
15,18,regular,1,1019,1044,25,1017,2,27,0.9980372914622179,0.9741379310344828,0.9760536398467433,0.9859428017450316
15,18,semiregular,1,800,801,1,706,94,95,0.8825,0.8813982521847691,0.9987515605493134,0.8819487820112429
15,18,irregular,1,230,252,22,63,167,189,0.27391304347826084,0.25,0.9126984126984127,0.26141078838174275
15,18,regular,2,1066,1044,22,1040,26,4,0.975609756097561,0.9961685823754789,1.0210727969348659,0.985781990521327
15,18,semiregular,2,766,801,35,685,81,116,0.8942558746736292,0.8551810237203495,0.9563046192259675,0.8742820676451818
15,18,irregular,2,179,252,73,42,137,210,0.2346368715083799,0.16666666666666666,0.7103174603174603,0.19489559164733178
15,18,regular,3,1035,1044,9,1033,2,11,0.9980676328502416,0.9894636015325671,0.9913793103448276,0.9937469937469937
15,18,semiregular,3,823,801,22,783,40,18,0.951397326852977,0.9775280898876404,1.0274656679151062,0.9642857142857143
15,18,irregular,3,252,252,0,226,26,26,0.8968253968253969,0.8968253968253969,1.0,0.8968253968253969
15,19,regular,1,1051,1076,25,1051,0,25,1.0,0.9767657992565055,0.9767657992565055,0.9882463563704749
15,19,semiregular,1,690,753,63,612,78,141,0.8869565217391304,0.8127490039840638,0.9163346613545816,0.8482328482328484
15,19,irregular,1,169,245,76,42,127,203,0.2485207100591716,0.17142857142857143,0.689795918367347,0.2028985507246377
15,19,regular,2,1083,1076,7,1073,10,3,0.9907663896583564,0.9972118959107806,1.0065055762081785,0.9939786938397406
15,19,semiregular,2,679,753,74,611,68,142,0.8998527245949927,0.8114209827357237,0.9017264276228419,0.8533519553072625
15,19,irregular,2,179,245,66,49,130,196,0.2737430167597765,0.2,0.7306122448979592,0.23113207547169812
15,19,regular,3,1068,1076,8,1067,1,9,0.9990636704119851,0.991635687732342,0.9925650557620818,0.9953358208955224
15,19,semiregular,3,735,753,18,696,39,57,0.9469387755102041,0.9243027888446215,0.9760956175298805,0.935483870967742
15,19,irregular,3,248,245,3,217,31,28,0.875,0.8857142857142857,1.0122448979591836,0.8803245436105476
15,20,regular,1,1150,1251,101,1146,4,105,0.9965217391304347,0.9160671462829736,0.9192645883293366,0.9546022490628904
15,20,semiregular,1,793,841,48,651,142,190,0.8209331651954602,0.7740784780023782,0.9429250891795482,0.7968176254589963
15,20,irregular,1,182,252,70,36,146,216,0.1978021978021978,0.14285714285714285,0.7222222222222222,0.1658986175115207
15,20,regular,2,1175,1251,76,1170,5,81,0.9957446808510638,0.935251798561151,0.9392486011191047,0.9645507007419621
15,20,semiregular,2,820,841,21,678,142,163,0.8268292682926829,0.8061831153388823,0.9750297265160524,0.8163756773028297
15,20,irregular,2,205,252,47,77,128,175,0.375609756097561,0.3055555555555556,0.8134920634920635,0.33698030634573306
15,20,regular,3,1164,1251,87,1162,2,89,0.9982817869415808,0.9288569144684252,0.9304556354916067,0.9623188405797102
15,20,semiregular,3,844,841,3,782,62,59,0.9265402843601895,0.929845422116528,1.0035671819262781,0.9281899109792285
15,20,irregular,3,240,252,12,215,25,37,0.8958333333333334,0.8531746031746031,0.9523809523809523,0.8739837398373984
15,21,regular,1,916,920,4,914,2,6,0.9978165938864629,0.9934782608695653,0.9956521739130435,0.9956427015250545
15,21,semiregular,1,702,549,153,490,212,59,0.698005698005698,0.8925318761384335,1.278688524590164,0.7833733013589128
15,21,irregular,1,209,204,5,40,169,164,0.19138755980861244,0.19607843137254902,1.0245098039215685,0.1937046004842615
15,21,regular,2,943,920,23,920,23,0,0.975609756097561,1.0,1.025,0.9876543209876543
15,21,semiregular,2,668,549,119,509,159,40,0.7619760479041916,0.9271402550091075,1.2167577413479054,0.8364831552999178
15,21,irregular,2,193,204,11,37,156,167,0.19170984455958548,0.18137254901960784,0.946078431372549,0.18639798488664988
15,21,regular,3,940,920,20,916,24,4,0.9744680851063829,0.9956521739130435,1.0217391304347827,0.9849462365591397
15,21,semiregular,3,624,549,75,459,165,90,0.7355769230769231,0.8360655737704918,1.1366120218579234,0.782608695652174
15,21,irregular,3,214,204,10,188,26,16,0.8785046728971962,0.9215686274509803,1.0490196078431373,0.8995215311004785
15,22,regular,1,955,946,9,934,21,12,0.9780104712041885,0.9873150105708245,1.0095137420718816,0.9826407154129405
15,22,semiregular,1,772,703,69,622,150,81,0.805699481865285,0.8847795163584637,1.0981507823613086,0.8433898305084746
15,22,irregular,1,229,247,18,57,172,190,0.24890829694323144,0.23076923076923078,0.9271255060728745,0.23949579831932774
15,22,regular,2,963,946,17,946,17,0,0.9823468328141225,1.0,1.017970401691332,0.9910948140387638
15,22,semiregular,2,719,703,16,601,118,102,0.8358831710709318,0.8549075391180654,1.0227596017069702,0.8452883263009844
15,22,irregular,2,209,247,38,47,162,200,0.22488038277511962,0.1902834008097166,0.8461538461538461,0.20614035087719298
15,22,regular,3,944,946,2,917,27,29,0.9713983050847458,0.9693446088794926,0.9978858350951374,0.9703703703703704
15,22,semiregular,3,733,703,30,669,64,34,0.91268758526603,0.9516358463726885,1.042674253200569,0.9317548746518106
15,22,irregular,3,248,247,1,221,27,26,0.8911290322580645,0.8947368421052632,1.0040485829959513,0.8929292929292929
15,23,regular,1,968,999,31,932,36,67,0.9628099173553719,0.9329329329329329,0.968968968968969,0.947635993899339
15,23,semiregular,1,886,835,51,725,161,110,0.8182844243792325,0.8682634730538922,1.0610778443113773,0.84253341080767
15,23,irregular,1,331,266,65,50,281,216,0.1510574018126888,0.18796992481203006,1.244360902255639,0.1675041876046901
15,23,regular,2,976,999,23,970,6,29,0.9938524590163934,0.970970970970971,0.9769769769769769,0.9822784810126581
15,23,semiregular,2,847,835,12,711,136,124,0.8394332939787486,0.8514970059880239,1.0143712574850299,0.845422116527943
15,23,irregular,2,271,266,5,50,221,216,0.18450184501845018,0.18796992481203006,1.018796992481203,0.186219739292365
15,23,regular,3,995,999,4,976,19,23,0.9809045226130654,0.9769769769769769,0.995995995995996,0.9789368104312939
15,23,semiregular,3,865,835,30,806,59,29,0.9317919075144508,0.9652694610778443,1.035928143712575,0.9482352941176471
15,23,irregular,3,293,266,27,236,57,30,0.8054607508532423,0.8872180451127819,1.1015037593984962,0.8443649373881932
15,24,regular,1,1034,1079,45,1028,6,51,0.9941972920696325,0.9527340129749768,0.9582947173308619,0.9730241362991008
15,24,semiregular,1,580,680,100,520,60,160,0.896551724137931,0.7647058823529411,0.8529411764705882,0.8253968253968255
15,24,irregular,1,308,247,61,56,252,191,0.18181818181818182,0.22672064777327935,1.2469635627530364,0.20180180180180182
15,24,regular,2,1034,1079,45,1028,6,51,0.9941972920696325,0.9527340129749768,0.9582947173308619,0.9730241362991008
15,24,semiregular,2,591,680,89,525,66,155,0.8883248730964467,0.7720588235294118,0.8691176470588236,0.8261211644374508
15,24,irregular,2,233,247,14,36,197,211,0.15450643776824036,0.145748987854251,0.9433198380566802,0.15
15,24,regular,3,1055,1079,24,1052,3,27,0.9971563981042654,0.9749768303985171,0.9777571825764597,0.985941893158388
15,24,semiregular,3,706,680,26,668,38,12,0.9461756373937678,0.9823529411764705,1.0382352941176471,0.9639249639249639
15,24,irregular,3,239,247,8,222,17,25,0.9288702928870293,0.8987854251012146,0.9676113360323887,0.9135802469135802
15,25,regular,1,908,946,38,907,1,39,0.998898678414097,0.9587737843551797,0.959830866807611,0.9784250269687162
15,25,semiregular,1,728,718,10,606,122,112,0.8324175824175825,0.8440111420612814,1.0139275766016713,0.8381742738589212
15,25,irregular,1,401,207,194,51,350,156,0.12718204488778054,0.2463768115942029,1.9371980676328502,0.16776315789473684
15,25,regular,2,926,946,20,926,0,20,1.0,0.9788583509513742,0.9788583509513742,0.9893162393162394
15,25,semiregular,2,729,718,11,605,124,113,0.8299039780521262,0.8426183844011143,1.0153203342618384,0.8362128541810642
15,25,irregular,2,412,207,205,46,366,161,0.11165048543689321,0.2222222222222222,1.9903381642512077,0.14862681744749598
15,25,regular,3,910,946,36,910,0,36,1.0,0.9619450317124736,0.9619450317124736,0.9806034482758621
15,25,semiregular,3,695,718,23,643,52,75,0.9251798561151079,0.8955431754874652,0.967966573816156,0.9101203113941968
15,25,irregular,3,275,207,68,167,108,40,0.6072727272727273,0.8067632850241546,1.328502415458937,0.6929460580912863
15,26,regular,1,1125,985,140,985,140,0,0.8755555555555555,1.0,1.1421319796954315,0.933649289099526
15,26,semiregular,1,781,720,61,643,138,77,0.8233034571062741,0.8930555555555556,1.0847222222222221,0.8567621585609594
15,26,irregular,1,256,214,42,53,203,161,0.20703125,0.24766355140186916,1.1962616822429906,0.22553191489361704
15,26,regular,2,841,985,144,836,5,149,0.9940546967895363,0.848730964467005,0.8538071065989847,0.9156626506024097
15,26,semiregular,2,780,720,60,636,144,84,0.8153846153846154,0.8833333333333333,1.0833333333333333,0.848
15,26,irregular,2,270,214,56,57,213,157,0.2111111111111111,0.26635514018691586,1.2616822429906542,0.23553719008264462
15,26,regular,3,1099,985,114,983,116,2,0.8944494995450409,0.9979695431472081,1.115736040609137,0.9433781190019194
15,26,semiregular,3,732,720,12,685,47,35,0.9357923497267759,0.9513888888888888,1.0166666666666666,0.943526170798898
15,26,irregular,3,283,214,69,199,84,15,0.7031802120141343,0.9299065420560748,1.3224299065420562,0.8008048289738432
15,27,regular,1,1083,1166,83,1081,2,85,0.9981532779316713,0.9271012006861064,0.9288164665523156,0.961316140506892
15,27,semiregular,1,745,728,17,614,131,114,0.8241610738255034,0.8434065934065934,1.0233516483516483,0.8336727766463001
15,27,irregular,1,390,270,120,66,324,204,0.16923076923076924,0.24444444444444444,1.4444444444444444,0.20000000000000004
15,27,regular,2,1148,1166,18,1144,4,22,0.9965156794425087,0.9811320754716981,0.9845626072041166,0.9887640449438202
15,27,semiregular,2,689,728,39,592,97,136,0.8592162554426706,0.8131868131868132,0.9464285714285714,0.8355681016231475
15,27,irregular,2,289,270,19,43,246,227,0.14878892733564014,0.15925925925925927,1.0703703703703704,0.15384615384615385
15,27,regular,3,1124,1166,42,1124,0,42,1.0,0.9639794168096055,0.9639794168096055,0.9816593886462882
15,27,semiregular,3,727,728,1,688,39,40,0.9463548830811555,0.945054945054945,0.9986263736263736,0.9457044673539519
15,27,irregular,3,263,270,7,235,28,35,0.8935361216730038,0.8703703703703703,0.9740740740740741,0.8818011257035648
15,28,regular,1,1042,1098,56,1030,12,68,0.9884836852207294,0.9380692167577414,0.9489981785063752,0.9626168224299065
15,28,semiregular,1,811,859,48,695,116,164,0.8569667077681874,0.8090803259604191,0.9441210710128056,0.8323353293413174
15,28,irregular,1,433,293,140,59,374,234,0.13625866050808313,0.20136518771331058,1.477815699658703,0.162534435261708
15,28,regular,2,1051,1098,47,1038,13,60,0.9876308277830638,0.9453551912568307,0.9571948998178507,0.9660307119590508
15,28,semiregular,2,787,859,72,682,105,177,0.866581956797967,0.7939464493597206,0.9161816065192084,0.8286755771567437
15,28,irregular,2,874,293,581,127,747,166,0.14530892448512586,0.4334470989761092,2.9829351535836177,0.21765209940017138
15,28,regular,3,1074,1098,24,1063,11,35,0.9897579143389199,0.9681238615664846,0.9781420765027322,0.9788213627992635
15,28,semiregular,3,836,859,23,788,48,71,0.9425837320574163,0.9173457508731082,0.9732246798603027,0.9297935103244838
15,28,irregular,3,316,293,23,219,97,74,0.6930379746835443,0.7474402730375427,1.0784982935153584,0.7192118226600986
15,29,regular,1,1081,1140,59,1080,1,60,0.9990749306197965,0.9473684210526315,0.9482456140350877,0.9725348941918055
15,29,semiregular,1,962,869,93,772,190,97,0.8024948024948025,0.8883774453394706,1.1070195627157653,0.8432550518842162
15,29,irregular,1,268,247,21,48,220,199,0.1791044776119403,0.19433198380566802,1.0850202429149798,0.18640776699029124
15,29,regular,2,1115,1140,25,1114,1,26,0.9991031390134529,0.9771929824561404,0.9780701754385965,0.9880266075388027
15,29,semiregular,2,949,869,80,792,157,77,0.8345626975763962,0.9113924050632911,1.092059838895282,0.8712871287128713
15,29,irregular,2,227,247,20,40,187,207,0.1762114537444934,0.16194331983805668,0.9190283400809717,0.16877637130801687
15,29,regular,3,1109,1140,31,1108,1,32,0.9990982867448152,0.9719298245614035,0.9728070175438597,0.9853268119164073
15,29,semiregular,3,916,869,47,728,188,141,0.7947598253275109,0.8377445339470656,1.0540851553509782,0.8156862745098038
15,29,irregular,3,270,247,23,222,48,25,0.8222222222222222,0.8987854251012146,1.0931174089068827,0.8588007736943907
15,30,regular,1,966,997,31,965,1,32,0.9989648033126294,0.9679037111334002,0.9689067201604814,0.9831889964340296
15,30,semiregular,1,753,810,57,665,88,145,0.8831341301460823,0.8209876543209876,0.9296296296296296,0.8509277031349968
15,30,irregular,1,463,250,213,46,417,204,0.09935205183585313,0.184,1.852,0.12903225806451613
15,30,regular,2,979,997,18,978,1,19,0.9989785495403473,0.9809428284854563,0.9819458375125376,0.9898785425101214
15,30,semiregular,2,749,810,61,666,83,144,0.8891855807743658,0.8222222222222222,0.9246913580246914,0.8543938422065427
15,30,irregular,2,383,250,133,43,340,207,0.1122715404699739,0.172,1.532,0.1358609794628752
15,30,regular,3,974,997,23,974,0,23,1.0,0.9769307923771314,0.9769307923771314,0.9883307965499747
15,30,semiregular,3,809,810,1,764,45,46,0.9443757725587144,0.9432098765432099,0.9987654320987654,0.9437924644842496
15,30,irregular,3,271,250,21,206,65,44,0.7601476014760148,0.824,1.084,0.7907869481765835
30,1,regular,1,970,937,33,935,35,2,0.9639175257731959,0.9978655282817502,1.0352187833511206,0.9805977975878343
30,1,semiregular,1,832,703,129,638,194,65,0.7668269230769231,0.9075391180654339,1.1834992887624467,0.8312703583061889
30,1,irregular,1,158,199,41,54,104,145,0.34177215189873417,0.271356783919598,0.7939698492462312,0.3025210084033613
30,1,regular,2,948,937,11,929,19,8,0.979957805907173,0.991462113127001,1.0117395944503735,0.9856763925729443
30,1,semiregular,2,738,703,35,591,147,112,0.8008130081300813,0.8406827880512091,1.0497866287339972,0.8202637057598889
30,1,irregular,2,161,199,38,60,101,139,0.37267080745341613,0.3015075376884422,0.8090452261306532,0.3333333333333333
30,1,regular,3,933,937,4,931,2,6,0.9978563772775991,0.9935965848452508,0.9957310565635006,0.9957219251336897
30,1,semiregular,3,730,703,27,665,65,38,0.910958904109589,0.9459459459459459,1.038406827880512,0.928122819260293
30,1,irregular,3,198,199,1,175,23,24,0.8838383838383839,0.8793969849246231,0.9949748743718593,0.8816120906801007
30,2,regular,1,1192,1224,32,1181,11,43,0.9907718120805369,0.9648692810457516,0.9738562091503268,0.9776490066225165
30,2,semiregular,1,605,647,42,554,51,93,0.915702479338843,0.8562596599690881,0.9350850077279753,0.8849840255591054
30,2,irregular,1,211,217,6,47,164,170,0.22274881516587677,0.21658986175115208,0.9723502304147466,0.21962616822429906
30,2,regular,2,1229,1224,5,1220,9,4,0.9926769731489016,0.9967320261437909,1.0040849673202614,0.9947003668976763
30,2,semiregular,2,640,647,7,611,29,36,0.9546875,0.9443585780525502,0.9891808346213292,0.9494949494949495
30,2,irregular,2,269,217,52,137,132,80,0.5092936802973977,0.631336405529954,1.23963133640553,0.5637860082304527
30,2,regular,3,1207,1224,17,1198,9,26,0.9925434962717481,0.9787581699346405,0.9861111111111112,0.9856026326614561
30,2,semiregular,3,608,647,39,556,52,91,0.9144736842105263,0.8593508500772797,0.9397217928902627,0.8860557768924303
30,2,irregular,3,132,217,85,90,42,127,0.6818181818181818,0.4147465437788018,0.6082949308755761,0.5157593123209169
30,3,regular,1,1026,1053,27,1024,2,29,0.9980506822612085,0.9724596391263058,0.9743589743589743,0.9850889850889851
30,3,semiregular,1,691,716,25,598,93,118,0.8654124457308249,0.835195530726257,0.9650837988826816,0.8500355366027008
30,3,irregular,1,211,224,13,54,157,170,0.2559241706161137,0.24107142857142858,0.9419642857142857,0.24827586206896549
30,3,regular,2,1046,1053,7,1045,1,8,0.9990439770554493,0.9924026590693258,0.99335232668566,0.9957122439256789
30,3,semiregular,2,701,716,15,609,92,107,0.8687589158345221,0.8505586592178771,0.979050279329609,0.8595624558927312
30,3,irregular,2,213,224,11,70,143,154,0.3286384976525822,0.3125,0.9508928571428571,0.3203661327231121
30,3,regular,3,1039,1053,14,1038,1,15,0.9990375360923965,0.9857549857549858,0.9867046533713201,0.9923518164435946
30,3,semiregular,3,718,716,2,682,36,34,0.9498607242339833,0.952513966480447,1.0027932960893855,0.9511854951185496
30,3,irregular,3,217,224,7,205,12,19,0.9447004608294931,0.9151785714285714,0.96875,0.9297052154195011
30,4,regular,1,1070,1101,31,1062,8,39,0.9925233644859813,0.9645776566757494,0.971843778383288,0.9783509903270382
30,4,semiregular,1,703,614,89,550,153,64,0.7823613086770982,0.8957654723127035,1.1449511400651466,0.8352315869400152
30,4,irregular,1,202,228,26,51,151,177,0.2524752475247525,0.2236842105263158,0.8859649122807017,0.2372093023255814
30,4,regular,2,1125,1101,24,1099,26,2,0.9768888888888889,0.9981834695731153,1.021798365122616,0.9874213836477987
30,4,semiregular,2,640,614,26,526,114,88,0.821875,0.8566775244299675,1.0423452768729642,0.8389154704944178
30,4,irregular,2,246,228,18,89,157,139,0.3617886178861789,0.39035087719298245,1.0789473684210527,0.3755274261603376
30,4,regular,3,1107,1101,6,1100,7,1,0.993676603432701,0.9990917347865577,1.005449591280654,0.9963768115942029
30,4,semiregular,3,632,614,18,584,48,30,0.9240506329113924,0.9511400651465798,1.0293159609120521,0.9373996789727127
30,4,irregular,3,230,228,2,206,24,22,0.8956521739130435,0.9035087719298246,1.0087719298245614,0.8995633187772927
30,5,regular,1,1040,1044,4,1036,4,8,0.9961538461538462,0.9923371647509579,0.9961685823754789,0.9942418426103647
30,5,semiregular,1,780,668,112,594,186,74,0.7615384615384615,0.8892215568862275,1.1676646706586826,0.8204419889502762
30,5,irregular,1,238,217,21,49,189,168,0.20588235294117646,0.22580645161290322,1.096774193548387,0.2153846153846154
30,5,regular,2,1056,1044,12,1044,12,0,0.9886363636363636,1.0,1.0114942528735633,0.9942857142857142
30,5,semiregular,2,758,668,90,586,172,82,0.7730870712401056,0.8772455089820359,1.1347305389221556,0.8218793828892005
30,5,irregular,2,213,217,4,53,160,164,0.24882629107981222,0.24423963133640553,0.9815668202764977,0.24651162790697675
30,5,regular,3,1057,1044,13,1044,13,0,0.9877010406811731,1.0,1.0124521072796935,0.9938124702522609
30,5,semiregular,3,686,668,18,639,47,29,0.9314868804664723,0.9565868263473054,1.026946107784431,0.9438700147710488
30,5,irregular,3,223,217,6,191,32,26,0.8565022421524664,0.880184331797235,1.0276497695852536,0.8681818181818183
30,6,regular,1,919,915,4,907,12,8,0.9869423286180631,0.9912568306010929,1.0043715846994536,0.9890948745910578
30,6,semiregular,1,679,701,22,585,94,116,0.8615611192930781,0.8345221112696148,0.9686162624821684,0.8478260869565217
30,6,irregular,1,244,195,49,52,192,143,0.21311475409836064,0.26666666666666666,1.2512820512820513,0.23690205011389523
30,6,regular,2,938,915,23,910,28,5,0.9701492537313433,0.994535519125683,1.025136612021858,0.9821910415542364
30,6,semiregular,2,709,701,8,612,97,89,0.8631875881523272,0.8730385164051355,1.0114122681883024,0.8680851063829788
30,6,irregular,2,221,195,26,53,168,142,0.2398190045248869,0.2717948717948718,1.1333333333333333,0.2548076923076923
30,6,regular,3,943,915,28,915,28,0,0.9703075291622482,1.0,1.0306010928961749,0.9849300322927879
30,6,semiregular,3,706,701,5,665,41,36,0.9419263456090652,0.948644793152639,1.007132667617689,0.945273631840796
30,6,irregular,3,194,195,1,174,20,21,0.8969072164948454,0.8923076923076924,0.9948717948717949,0.8946015424164524
30,7,regular,1,1260,1230,30,1228,32,2,0.9746031746031746,0.9983739837398374,1.024390243902439,0.9863453815261044
30,7,semiregular,1,819,761,58,673,146,88,0.8217338217338217,0.8843626806833115,1.076215505913272,0.8518987341772151
30,7,irregular,1,230,225,5,40,190,185,0.17391304347826086,0.17777777777777778,1.0222222222222221,0.1758241758241758
30,7,regular,2,1236,1230,6,1221,15,9,0.9878640776699029,0.9926829268292683,1.0048780487804878,0.9902676399026763
30,7,semiregular,2,793,761,32,653,140,108,0.8234552332912989,0.8580814717477004,1.0420499342969776,0.8404118404118404
30,7,irregular,2,274,225,49,58,216,167,0.2116788321167883,0.2577777777777778,1.2177777777777778,0.23246492985971945
30,7,regular,3,1224,1230,6,1221,3,9,0.9975490196078431,0.9926829268292683,0.9951219512195122,0.9951100244498777
30,7,semiregular,3,742,761,19,682,60,79,0.9191374663072777,0.8961892247043364,0.9750328515111695,0.9075182967398536
30,7,irregular,3,221,225,4,202,19,23,0.9140271493212669,0.8977777777777778,0.9822222222222222,0.9058295964125561
30,8,regular,1,1022,1035,13,1011,11,24,0.9892367906066536,0.9768115942028985,0.9874396135265701,0.9829849295089937
30,8,semiregular,1,819,827,8,712,107,115,0.8693528693528694,0.8609431680773881,0.9903264812575574,0.8651275820170109
30,8,irregular,1,328,243,85,49,279,194,0.14939024390243902,0.20164609053497942,1.3497942386831276,0.17162872154115585
30,8,regular,2,1038,1035,3,1024,14,11,0.9865125240847784,0.9893719806763285,1.0028985507246377,0.9879401833092136
30,8,semiregular,2,850,827,23,728,122,99,0.8564705882352941,0.8802902055622733,1.0278113663845223,0.8682170542635658
30,8,irregular,2,323,243,80,58,265,185,0.17956656346749225,0.23868312757201646,1.3292181069958848,0.2049469964664311
30,8,regular,3,1038,1035,3,1029,9,6,0.9913294797687862,0.9942028985507246,1.0028985507246377,0.9927641099855281
30,8,semiregular,3,828,827,1,780,48,47,0.9420289855072463,0.9431680773881499,1.0012091898428053,0.9425981873111783
30,8,irregular,3,235,243,8,221,14,22,0.9404255319148936,0.9094650205761317,0.9670781893004116,0.9246861924686193
30,9,regular,1,1093,1107,14,1086,7,21,0.9935956084172004,0.981029810298103,0.987353206865402,0.9872727272727272
30,9,semiregular,1,632,701,69,579,53,122,0.9161392405063291,0.8259629101283881,0.9015691868758916,0.8687171792948237
30,9,irregular,1,273,266,7,57,216,209,0.2087912087912088,0.21428571428571427,1.0263157894736843,0.21150278293135438
30,9,regular,2,1107,1107,0,1100,7,7,0.993676603432701,0.993676603432701,1.0,0.993676603432701
30,9,semiregular,2,644,701,57,583,61,118,0.90527950310559,0.8316690442225392,0.9186875891583453,0.8669144981412639
30,9,irregular,2,202,266,64,40,162,226,0.19801980198019803,0.15037593984962405,0.7593984962406015,0.17094017094017094
30,9,regular,3,1100,1107,7,1099,1,8,0.9990909090909091,0.992773261065944,0.993676603432701,0.9959220661531492
30,9,semiregular,3,679,701,22,663,16,38,0.9764359351988218,0.9457917261055635,0.9686162624821684,0.9608695652173913
30,9,irregular,3,252,266,14,231,21,35,0.9166666666666666,0.868421052631579,0.9473684210526315,0.8918918918918918
30,10,regular,1,1019,1014,5,995,24,19,0.9764474975466143,0.9812623274161736,1.004930966469428,0.9788489916379735
30,10,semiregular,1,681,656,25,595,86,61,0.8737151248164464,0.9070121951219512,1.038109756097561,0.8900523560209423
30,10,irregular,1,244,247,3,68,176,179,0.2786885245901639,0.27530364372469635,0.9878542510121457,0.27698574338085535
30,10,regular,2,1037,1014,23,1007,30,7,0.9710703953712633,0.9930966469428008,1.0226824457593688,0.9819600195026815
30,10,semiregular,2,633,656,23,563,70,93,0.8894154818325435,0.8582317073170732,0.9649390243902439,0.8735453840186191
30,10,irregular,2,310,247,63,88,222,159,0.2838709677419355,0.3562753036437247,1.2550607287449393,0.31597845601436264
30,10,regular,3,1024,1014,10,1010,14,4,0.986328125,0.9960552268244576,1.009861932938856,0.9911678115799804
30,10,semiregular,3,655,656,1,620,35,36,0.9465648854961832,0.9451219512195121,0.9984756097560976,0.9458428680396644
30,10,irregular,3,237,247,10,222,15,25,0.9367088607594937,0.8987854251012146,0.9595141700404858,0.9173553719008265
30,11,regular,1,1046,1070,24,1045,1,25,0.9990439770554493,0.9766355140186916,0.9775700934579439,0.9877126654064273
30,11,semiregular,1,721,700,21,596,125,104,0.826629680998613,0.8514285714285714,1.03,0.8388458831808585
30,11,irregular,1,242,239,3,59,183,180,0.24380165289256198,0.24686192468619247,1.0125523012552302,0.24532224532224534
30,11,regular,2,1079,1070,9,1069,10,1,0.9907321594068582,0.9990654205607477,1.0084112149532711,0.9948813401582132
30,11,semiregular,2,692,700,8,579,113,121,0.8367052023121387,0.8271428571428572,0.9885714285714285,0.831896551724138
30,11,irregular,2,206,239,33,49,157,190,0.23786407766990292,0.20502092050209206,0.8619246861924686,0.2202247191011236
30,11,regular,3,1076,1070,6,1070,6,0,0.9944237918215614,1.0,1.005607476635514,0.9972041006523765
30,11,semiregular,3,690,700,10,649,41,51,0.9405797101449276,0.9271428571428572,0.9857142857142858,0.9338129496402877
30,11,irregular,3,224,239,15,201,23,38,0.8973214285714286,0.8410041841004184,0.9372384937238494,0.8682505399568035
30,12,regular,1,1006,1007,1,1000,6,7,0.9940357852882704,0.9930486593843099,0.9990069513406157,0.9935419771485345
30,12,semiregular,1,705,641,64,556,149,85,0.7886524822695036,0.8673946957878315,1.0998439937597504,0.826151560178306
30,12,irregular,1,231,204,27,50,181,154,0.21645021645021645,0.24509803921568626,1.1323529411764706,0.22988505747126434
30,12,regular,2,1016,1007,9,1007,9,0,0.9911417322834646,1.0,1.008937437934459,0.995551161641127
30,12,semiregular,2,664,641,23,528,136,113,0.7951807228915663,0.8237129485179407,1.0358814352574104,0.8091954022988506
30,12,irregular,2,228,204,24,45,183,159,0.19736842105263158,0.22058823529411764,1.1176470588235294,0.20833333333333331
30,12,regular,3,1008,1007,1,1000,8,7,0.9920634920634921,0.9930486593843099,1.0009930486593843,0.9925558312655087
30,12,semiregular,3,654,641,13,599,55,42,0.9159021406727829,0.9344773790951638,1.0202808112324493,0.9250965250965251
30,12,irregular,3,216,204,12,191,25,13,0.8842592592592593,0.9362745098039216,1.0588235294117647,0.9095238095238095
30,13,regular,1,1006,1000,6,999,7,1,0.9930417495029821,0.999,1.006,0.9960119641076769
30,13,semiregular,1,843,815,28,730,113,85,0.8659549228944247,0.8957055214723927,1.034355828220859,0.8805790108564535
30,13,irregular,1,333,216,117,47,286,169,0.14114114114114115,0.2175925925925926,1.5416666666666667,0.17122040072859745
30,13,regular,2,1025,1000,25,997,28,3,0.9726829268292683,0.997,1.025,0.9846913580246913
30,13,semiregular,2,782,815,33,694,88,121,0.887468030690537,0.8515337423312883,0.9595092024539877,0.8691296180338135
30,13,irregular,2,271,216,55,35,236,181,0.12915129151291513,0.16203703703703703,1.2546296296296295,0.14373716632443534
30,13,regular,3,995,1000,5,995,0,5,1.0,0.995,0.995,0.9974937343358395
30,13,semiregular,3,823,815,8,792,31,23,0.9623329283110571,0.9717791411042945,1.0098159509202453,0.9670329670329672
30,13,irregular,3,212,216,4,201,11,15,0.9481132075471698,0.9305555555555556,0.9814814814814815,0.9392523364485982
30,14,regular,1,1032,1052,20,1028,4,24,0.9961240310077519,0.9771863117870723,0.9809885931558935,0.9865642994241843
30,14,semiregular,1,905,913,8,775,130,138,0.856353591160221,0.8488499452354874,0.9912376779846659,0.8525852585258527
30,14,irregular,1,229,217,12,47,182,170,0.2052401746724891,0.21658986175115208,1.055299539170507,0.21076233183856505
30,14,regular,2,1073,1052,21,1050,23,2,0.97856477166822,0.9980988593155894,1.0199619771863118,0.9882352941176471
30,14,semiregular,2,984,913,71,880,104,33,0.8943089430894309,0.963855421686747,1.0777656078860898,0.9277807063784924
30,14,irregular,2,204,217,13,50,154,167,0.24509803921568626,0.2304147465437788,0.9400921658986175,0.2375296912114014
30,14,regular,3,1040,1052,12,1040,0,12,1.0,0.9885931558935361,0.9885931558935361,0.994263862332696
30,14,semiregular,3,792,913,121,685,107,228,0.86489898989899,0.7502738225629791,0.8674698795180723,0.8035190615835778
30,14,irregular,3,216,217,1,194,22,23,0.8981481481481481,0.8940092165898618,0.9953917050691244,0.8960739030023094
30,15,regular,1,944,964,20,941,3,23,0.996822033898305,0.9761410788381742,0.979253112033195,0.9863731656184486
30,15,semiregular,1,752,774,22,662,90,112,0.8803191489361702,0.8552971576227391,0.9715762273901809,0.8676277850589779
30,15,irregular,1,259,218,41,53,206,165,0.20463320463320464,0.24311926605504589,1.188073394495413,0.22222222222222224
30,15,regular,2,972,964,8,961,11,3,0.9886831275720165,0.9968879668049793,1.008298755186722,0.9927685950413224
30,15,semiregular,2,751,774,23,668,83,106,0.8894806924101198,0.8630490956072352,0.9702842377260982,0.8760655737704919
30,15,irregular,2,217,218,1,50,167,168,0.2304147465437788,0.22935779816513763,0.9954128440366973,0.22988505747126436
30,15,regular,3,968,964,4,963,5,1,0.9948347107438017,0.9989626556016598,1.004149377593361,0.9968944099378882
30,15,semiregular,3,770,774,4,735,35,39,0.9545454545454546,0.9496124031007752,0.9948320413436692,0.9520725388601038
30,15,irregular,3,213,218,5,200,13,18,0.9389671361502347,0.9174311926605505,0.9770642201834863,0.9280742459396751
30,16,regular,1,1091,1109,18,1082,9,27,0.9917506874427131,0.975653742110009,0.9837691614066727,0.9836363636363638
30,16,semiregular,1,766,681,85,623,143,58,0.8133159268929504,0.9148311306901615,1.1248164464023496,0.8610919143054596
30,16,irregular,1,259,272,13,74,185,198,0.2857142857142857,0.27205882352941174,0.9522058823529411,0.2787193973634651
30,16,regular,2,1118,1109,9,1105,13,4,0.9883720930232558,0.9963931469792606,1.0081154192966637,0.9923664122137404
30,16,semiregular,2,675,681,6,575,100,106,0.8518518518518519,0.8443465491923642,0.9911894273127754,0.8480825958702066
30,16,irregular,2,176,272,96,48,128,224,0.2727272727272727,0.17647058823529413,0.6470588235294118,0.21428571428571427
30,16,regular,3,1091,1109,18,1091,0,18,1.0,0.9837691614066727,0.9837691614066727,0.9918181818181819
30,16,semiregular,3,652,681,29,617,35,64,0.946319018404908,0.9060205580029369,0.9574155653450808,0.9257314328582146
30,16,irregular,3,240,272,32,221,19,51,0.9208333333333333,0.8125,0.8823529411764706,0.86328125
30,17,regular,1,1015,1029,14,1011,4,18,0.9960591133004926,0.9825072886297376,0.9863945578231292,0.9892367906066535
30,17,semiregular,1,815,837,22,715,100,122,0.8773006134969326,0.8542413381123058,0.973715651135006,0.8656174334140436
30,17,irregular,1,289,240,49,53,236,187,0.18339100346020762,0.22083333333333333,1.2041666666666666,0.2003780718336484
30,17,regular,2,1036,1029,7,1025,11,4,0.9893822393822393,0.9961127308066083,1.0068027210884354,0.9927360774818402
30,17,semiregular,2,835,837,2,741,94,96,0.8874251497005988,0.8853046594982079,0.997610513739546,0.8863636363636365
30,17,irregular,2,243,240,3,57,186,183,0.2345679012345679,0.2375,1.0125,0.2360248447204969
30,17,regular,3,1038,1029,9,1028,10,1,0.9903660886319846,0.9990281827016521,1.0087463556851313,0.9946782776971456
30,17,semiregular,3,834,837,3,797,37,40,0.9556354916067147,0.9522102747909199,0.996415770609319,0.9539198084979054
30,17,irregular,3,248,240,8,211,37,29,0.8508064516129032,0.8791666666666667,1.0333333333333334,0.8647540983606558
30,18,regular,1,1048,1044,4,1038,10,6,0.9904580152671756,0.9942528735632183,1.003831417624521,0.9923518164435946
30,18,semiregular,1,836,801,35,727,109,74,0.8696172248803827,0.9076154806491885,1.0436953807740326,0.8882101405009162
30,18,irregular,1,283,252,31,72,211,180,0.254416961130742,0.2857142857142857,1.123015873015873,0.2691588785046729
30,18,regular,2,1071,1044,27,1043,28,1,0.9738562091503268,0.9990421455938697,1.0258620689655173,0.9862884160756501
30,18,semiregular,2,800,801,1,710,90,91,0.8875,0.8863920099875156,0.9987515605493134,0.886945658963148
30,18,irregular,2,170,252,82,52,118,200,0.3058823529411765,0.20634920634920634,0.6746031746031746,0.24644549763033177
30,18,regular,3,1043,1044,1,1042,1,2,0.9990412272291467,0.9980842911877394,0.9990421455938697,0.9985625299472928
30,18,semiregular,3,810,801,9,773,37,28,0.9543209876543209,0.9650436953807741,1.0112359550561798,0.9596523898199877
30,18,irregular,3,244,252,8,218,26,34,0.8934426229508197,0.8650793650793651,0.9682539682539683,0.8790322580645162
30,19,regular,1,1079,1076,3,1070,9,6,0.9916589434661723,0.9944237918215614,1.0027881040892193,0.9930394431554525
30,19,semiregular,1,730,753,23,647,83,106,0.8863013698630137,0.8592297476759628,0.9694555112881806,0.8725556304787593
30,19,irregular,1,185,245,60,57,128,188,0.3081081081081081,0.23265306122448978,0.7551020408163265,0.2651162790697674
30,19,regular,2,1098,1076,22,1073,25,3,0.9772313296903461,0.9972118959107806,1.020446096654275,0.9871205151793929
30,19,semiregular,2,718,753,35,635,83,118,0.8844011142061281,0.8432934926958832,0.953519256308101,0.8633582596872875
30,19,irregular,2,210,245,35,71,139,174,0.3380952380952381,0.2897959183673469,0.8571428571428571,0.31208791208791203
30,19,regular,3,1083,1076,7,1074,9,2,0.9916897506925207,0.9981412639405205,1.0065055762081785,0.9949050486336267
30,19,semiregular,3,733,753,20,703,30,50,0.9590723055934516,0.9335989375830013,0.9734395750332006,0.946164199192463
30,19,irregular,3,243,245,2,218,25,27,0.897119341563786,0.889795918367347,0.9918367346938776,0.8934426229508197
30,20,regular,1,1227,1251,24,1224,3,27,0.9975550122249389,0.9784172661870504,0.9808153477218226,0.9878934624697338
30,20,semiregular,1,843,841,2,705,138,136,0.8362989323843416,0.8382877526753865,1.0023781212841856,0.8372921615201899
30,20,irregular,1,219,252,33,56,163,196,0.2557077625570776,0.2222222222222222,0.8690476190476191,0.23779193205944799
30,20,regular,2,1206,1251,45,1200,6,51,0.9950248756218906,0.9592326139088729,0.9640287769784173,0.9768009768009768
30,20,semiregular,2,880,841,39,745,135,96,0.8465909090909091,0.8858501783590963,1.0463733650416172,0.8657757117954678
30,20,irregular,2,268,252,16,149,119,103,0.5559701492537313,0.5912698412698413,1.0634920634920635,0.573076923076923
30,20,regular,3,1222,1251,29,1220,2,31,0.9983633387888707,0.9752198241406874,0.9768185451638689,0.9866558835422564
30,20,semiregular,3,837,841,4,785,52,56,0.937873357228196,0.9334126040428062,0.995243757431629,0.9356376638855781
30,20,irregular,3,248,252,4,224,24,28,0.9032258064516129,0.8888888888888888,0.9841269841269841,0.8959999999999999
30,21,regular,1,928,920,8,919,9,1,0.990301724137931,0.9989130434782608,1.008695652173913,0.9945887445887445
30,21,semiregular,1,719,549,170,503,216,46,0.6995827538247567,0.9162112932604736,1.3096539162112932,0.7933753943217666
30,21,irregular,1,228,204,24,50,178,154,0.21929824561403508,0.24509803921568626,1.1176470588235294,0.23148148148148148
30,21,regular,2,941,920,21,920,21,0,0.9776833156216791,1.0,1.0228260869565218,0.9887157442235357
30,21,semiregular,2,710,549,161,536,174,13,0.7549295774647887,0.97632058287796,1.2932604735883424,0.8514694201747419
30,21,irregular,2,219,204,15,62,157,142,0.2831050228310502,0.30392156862745096,1.0735294117647058,0.29314420803782504
30,21,regular,3,928,920,8,915,13,5,0.9859913793103449,0.9945652173913043,1.008695652173913,0.9902597402597402
30,21,semiregular,3,560,549,11,435,125,114,0.7767857142857143,0.7923497267759563,1.0200364298724955,0.7844905320108205
30,21,irregular,3,199,204,5,189,10,15,0.949748743718593,0.9264705882352942,0.9754901960784313,0.9379652605459057
30,22,regular,1,971,946,25,945,26,1,0.9732234809474768,0.9989429175475687,1.0264270613107822,0.9859154929577465
30,22,semiregular,1,782,703,79,633,149,70,0.809462915601023,0.9004267425320057,1.112375533428165,0.8525252525252526
30,22,irregular,1,234,247,13,63,171,184,0.2692307692307692,0.2550607287449393,0.9473684210526315,0.26195426195426197
30,22,regular,2,974,946,28,946,28,0,0.971252566735113,1.0,1.029598308668076,0.9854166666666667
30,22,semiregular,2,712,703,9,596,116,107,0.8370786516853933,0.8477951635846372,1.0128022759601707,0.8424028268551236
30,22,irregular,2,216,247,31,55,161,192,0.25462962962962965,0.22267206477732793,0.8744939271255061,0.23758099352051837
30,22,regular,3,933,946,13,916,17,30,0.9817792068595927,0.9682875264270613,0.9862579281183932,0.9749866950505588
30,22,semiregular,3,698,703,5,656,42,47,0.9398280802292264,0.9331436699857752,0.9928876244665719,0.9364739471805853
30,22,irregular,3,238,247,9,218,20,29,0.9159663865546218,0.8825910931174089,0.9635627530364372,0.8989690721649485
30,23,regular,1,1017,999,18,993,24,6,0.976401179941003,0.993993993993994,1.018018018018018,0.9851190476190477
30,23,semiregular,1,848,835,13,711,137,124,0.8384433962264151,0.8514970059880239,1.015568862275449,0.8449197860962566
30,23,irregular,1,317,266,51,45,272,221,0.14195583596214512,0.16917293233082706,1.1917293233082706,0.15437392795883362
30,23,regular,2,1006,999,7,990,16,9,0.9840954274353877,0.990990990990991,1.007007007007007,0.9875311720698254
30,23,semiregular,2,853,835,18,719,134,116,0.8429073856975381,0.8610778443113772,1.0215568862275448,0.8518957345971564
30,23,irregular,2,328,266,62,64,264,202,0.1951219512195122,0.24060150375939848,1.2330827067669172,0.21548821548821548
30,23,regular,3,1005,999,6,986,19,13,0.981094527363184,0.986986986986987,1.006006006006006,0.9840319361277444
30,23,semiregular,3,858,835,23,804,54,31,0.9370629370629371,0.962874251497006,1.0275449101796408,0.9497932663910218
30,23,irregular,3,282,266,16,237,45,29,0.8404255319148937,0.8909774436090225,1.0601503759398496,0.864963503649635
30,24,regular,1,1059,1079,20,1054,5,25,0.9952785646836638,0.9768303985171455,0.9814643188137164,0.9859681945743685
30,24,semiregular,1,606,680,74,540,66,140,0.8910891089108911,0.7941176470588235,0.8911764705882353,0.8398133748055987
30,24,irregular,1,330,247,83,58,272,189,0.17575757575757575,0.23481781376518218,1.3360323886639676,0.20103986135181973
30,24,regular,2,1061,1079,18,1053,8,26,0.9924599434495759,0.9759036144578314,0.9833178869323448,0.9841121495327103
30,24,semiregular,2,647,680,33,575,72,105,0.8887171561051005,0.8455882352941176,0.9514705882352941,0.8666164280331575
30,24,irregular,2,201,247,46,31,170,216,0.15422885572139303,0.12550607287449392,0.8137651821862348,0.13839285714285715
30,24,regular,3,1071,1079,8,1067,4,12,0.996265172735761,0.9888785912882299,0.9925857275254866,0.9925581395348837
30,24,semiregular,3,681,680,1,661,20,19,0.9706314243759178,0.9720588235294118,1.0014705882352941,0.9713445995591478
30,24,irregular,3,236,247,11,226,10,21,0.9576271186440678,0.9149797570850202,0.9554655870445344,0.9358178053830226
30,25,regular,1,917,946,29,914,3,32,0.9967284623773174,0.9661733615221987,0.9693446088794926,0.9812130971551261
30,25,semiregular,1,758,718,40,624,134,94,0.8232189973614775,0.8690807799442897,1.0557103064066853,0.8455284552845529
30,25,irregular,1,417,207,210,51,366,156,0.1223021582733813,0.2463768115942029,2.0144927536231885,0.16346153846153846
30,25,regular,2,926,946,20,914,12,32,0.9870410367170627,0.9661733615221987,0.9788583509513742,0.9764957264957265
30,25,semiregular,2,776,718,58,635,141,83,0.8182989690721649,0.8844011142061281,1.0807799442896935,0.8500669344042837
30,25,irregular,2,321,207,114,32,289,175,0.09968847352024922,0.15458937198067632,1.5507246376811594,0.12121212121212122
30,25,regular,3,927,946,19,925,2,21,0.9978425026968716,0.9778012684989429,0.9799154334038055,0.987720234917245
30,25,semiregular,3,693,718,25,642,51,76,0.9264069264069265,0.8941504178272981,0.9651810584958217,0.9099929128277816
30,25,irregular,3,233,207,26,156,77,51,0.6695278969957081,0.7536231884057971,1.1256038647342994,0.7090909090909091
30,26,regular,1,1119,985,134,978,141,7,0.8739946380697051,0.9928934010152284,1.1360406091370558,0.9296577946768061
30,26,semiregular,1,815,720,95,653,162,67,0.8012269938650307,0.9069444444444444,1.1319444444444444,0.8508143322475571
30,26,irregular,1,267,214,53,51,216,163,0.19101123595505617,0.2383177570093458,1.2476635514018692,0.21205821205821204
30,26,regular,2,1045,985,60,961,84,24,0.9196172248803828,0.9756345177664975,1.0609137055837563,0.9467980295566503
30,26,semiregular,2,793,720,73,648,145,72,0.8171500630517023,0.9,1.101388888888889,0.8565763384005287
30,26,irregular,2,438,214,224,87,351,127,0.19863013698630136,0.40654205607476634,2.046728971962617,0.2668711656441718
30,26,regular,3,1118,985,133,983,135,2,0.8792486583184258,0.9979695431472081,1.1350253807106598,0.9348549690917737
30,26,semiregular,3,689,720,31,653,36,67,0.9477503628447025,0.9069444444444444,0.9569444444444445,0.9268985095812633
30,26,irregular,3,266,214,52,203,63,11,0.7631578947368421,0.9485981308411215,1.2429906542056075,0.8458333333333334
30,27,regular,1,1119,1166,47,1115,4,51,0.9964253798033958,0.9562607204116638,0.9596912521440824,0.9759299781181618
30,27,semiregular,1,752,728,24,616,136,112,0.8191489361702128,0.8461538461538461,1.032967032967033,0.8324324324324325
30,27,irregular,1,362,270,92,59,303,211,0.16298342541436464,0.21851851851851853,1.3407407407407408,0.18670886075949367
30,27,regular,2,1150,1166,16,1144,6,22,0.9947826086956522,0.9811320754716981,0.9862778730703259,0.9879101899827288
30,27,semiregular,2,755,728,27,628,127,100,0.8317880794701987,0.8626373626373627,1.0370879120879122,0.8469318948078219
30,27,irregular,2,292,270,22,46,246,224,0.15753424657534246,0.17037037037037037,1.0814814814814815,0.16370106761565836
30,27,regular,3,1133,1166,33,1133,0,33,1.0,0.9716981132075472,0.9716981132075472,0.985645933014354
30,27,semiregular,3,720,728,8,686,34,42,0.9527777777777777,0.9423076923076923,0.989010989010989,0.9475138121546961
30,27,irregular,3,249,270,21,232,17,38,0.9317269076305221,0.8592592592592593,0.9222222222222223,0.8940269749518306
30,28,regular,1,1052,1098,46,1038,14,60,0.9866920152091255,0.9453551912568307,0.9581056466302368,0.9655813953488372
30,28,semiregular,1,824,859,35,693,131,166,0.8410194174757282,0.8067520372526193,0.959254947613504,0.8235294117647058
30,28,irregular,1,376,293,83,55,321,238,0.14627659574468085,0.18771331058020477,1.2832764505119454,0.16442451420029897
30,28,regular,2,1065,1098,33,1050,15,48,0.9859154929577465,0.9562841530054644,0.9699453551912568,0.9708737864077669
30,28,semiregular,2,860,859,1,733,127,126,0.8523255813953489,0.8533178114086146,1.0011641443538999,0.8528214077952297
30,28,irregular,2,201,293,92,36,165,257,0.1791044776119403,0.12286689419795221,0.6860068259385665,0.14574898785425097
30,28,regular,3,1121,1098,23,1097,24,1,0.9785905441570026,0.9990892531876139,1.0209471766848817,0.9887336638125281
30,28,semiregular,3,858,859,1,800,58,59,0.9324009324009324,0.9313154831199069,0.9988358556461001,0.9318578916715201
30,28,irregular,3,292,293,1,208,84,85,0.7123287671232876,0.7098976109215017,0.9965870307167235,0.711111111111111
30,29,regular,1,1113,1140,27,1110,3,30,0.9973045822102425,0.9736842105263158,0.9763157894736842,0.9853528628495339
30,29,semiregular,1,978,869,109,777,201,92,0.7944785276073619,0.8941311852704258,1.1254315304948217,0.8413643746616134
30,29,irregular,1,259,247,12,43,216,204,0.16602316602316602,0.17408906882591094,1.048582995951417,0.1699604743083004
30,29,regular,2,1144,1140,4,1134,10,6,0.9912587412587412,0.9947368421052631,1.0035087719298246,0.9929947460595446
30,29,semiregular,2,1012,869,143,825,187,44,0.8152173913043478,0.9493670886075949,1.1645569620253164,0.8771929824561402
30,29,irregular,2,220,247,27,32,188,215,0.14545454545454545,0.12955465587044535,0.8906882591093117,0.13704496788008563
30,29,regular,3,1127,1140,13,1125,2,15,0.9982253771073647,0.9868421052631579,0.9885964912280701,0.992501102779003
30,29,semiregular,3,887,869,18,714,173,155,0.8049605411499436,0.8216340621403913,1.0207134637514383,0.8132118451025058
30,29,irregular,3,257,247,10,225,32,22,0.8754863813229572,0.9109311740890689,1.040485829959514,0.8928571428571428
30,30,regular,1,990,997,7,984,6,13,0.9939393939393939,0.9869608826479438,0.9929789368104313,0.9904378459989935
30,30,semiregular,1,772,810,38,677,95,133,0.8769430051813472,0.8358024691358025,0.9530864197530864,0.8558786346396967
30,30,irregular,1,479,250,229,54,425,196,0.1127348643006263,0.216,1.916,0.14814814814814814
30,30,regular,2,1023,997,26,992,31,5,0.9696969696969697,0.9949849548645938,1.0260782347041124,0.9821782178217823
30,30,semiregular,2,763,810,47,675,88,135,0.8846657929226737,0.8333333333333334,0.9419753086419753,0.8582326764144945
30,30,irregular,2,428,250,178,52,376,198,0.12149532710280374,0.208,1.712,0.15339233038348082
30,30,regular,3,994,997,3,992,2,5,0.9979879275653923,0.9949849548645938,0.9969909729187563,0.9964841788046208
30,30,semiregular,3,796,810,14,754,42,56,0.9472361809045227,0.9308641975308642,0.9827160493827161,0.9389788293897883
30,30,irregular,3,251,250,1,211,40,39,0.8406374501992032,0.844,1.004,0.842315369261477
45,1,regular,1,990,937,53,936,54,1,0.9454545454545454,0.9989327641408752,1.056563500533618,0.97145822522055
45,1,semiregular,1,771,703,68,614,157,89,0.7963683527885862,0.8733997155049786,1.096728307254623,0.8331071913161465
45,1,irregular,1,143,199,56,51,92,148,0.35664335664335667,0.2562814070351759,0.7185929648241206,0.29824561403508776
45,1,regular,2,949,937,12,924,25,13,0.9736564805057956,0.9861259338313767,1.0128068303094984,0.9798515376458112
45,1,semiregular,2,739,703,36,605,134,98,0.8186738836265224,0.8605974395448079,1.0512091038406828,0.8391123439667129
45,1,irregular,2,179,199,20,59,120,140,0.329608938547486,0.2964824120603015,0.8994974874371859,0.31216931216931215
45,1,regular,3,933,937,4,929,4,8,0.9957127545551983,0.991462113127001,0.9957310565635006,0.9935828877005347
45,1,semiregular,3,745,703,42,670,75,33,0.8993288590604027,0.9530583214793741,1.0597439544807965,0.9254143646408841
45,1,irregular,3,198,199,1,178,20,21,0.898989898989899,0.8944723618090452,0.9949748743718593,0.8967254408060453
45,2,regular,1,1227,1224,3,1209,18,15,0.9853300733496333,0.9877450980392157,1.0024509803921569,0.9865361077111383
45,2,semiregular,1,575,647,72,531,44,116,0.9234782608695652,0.8207109737248841,0.8887171561051005,0.8690671031096563
45,2,irregular,1,198,217,19,59,139,158,0.29797979797979796,0.271889400921659,0.9124423963133641,0.28433734939759037
45,2,regular,2,1223,1224,1,1216,7,8,0.9942763695829926,0.9934640522875817,0.9991830065359477,0.9938700449530037
45,2,semiregular,2,674,647,27,629,45,18,0.9332344213649851,0.9721792890262752,1.0417310664605872,0.9523088569265709
45,2,irregular,2,279,217,62,111,168,106,0.3978494623655914,0.511520737327189,1.2857142857142858,0.4475806451612903
45,2,regular,3,1197,1224,27,1186,11,38,0.9908103592314118,0.9689542483660131,0.9779411764705882,0.979760429574556
45,2,semiregular,3,593,647,54,554,39,93,0.9342327150084317,0.8562596599690881,0.9165378670788253,0.8935483870967742
45,2,irregular,3,137,217,80,94,43,123,0.6861313868613139,0.43317972350230416,0.631336405529954,0.5310734463276837
45,3,regular,1,1056,1053,3,1044,12,9,0.9886363636363636,0.9914529914529915,1.002849002849003,0.9900426742532006
45,3,semiregular,1,651,716,65,566,85,150,0.869431643625192,0.7905027932960894,0.909217877094972,0.8280907095830284
45,3,irregular,1,189,224,35,55,134,169,0.291005291005291,0.24553571428571427,0.84375,0.26634382566585957
45,3,regular,2,1038,1053,15,1035,3,18,0.9971098265895953,0.9829059829059829,0.9857549857549858,0.9899569583931133
45,3,semiregular,2,724,716,8,626,98,90,0.8646408839779005,0.8743016759776536,1.011173184357542,0.8694444444444445
45,3,irregular,2,233,224,9,74,159,150,0.31759656652360513,0.33035714285714285,1.0401785714285714,0.32385120350109414
45,3,regular,3,1046,1053,7,1044,2,9,0.9980879541108987,0.9914529914529915,0.99335232668566,0.9947594092424965
45,3,semiregular,3,728,716,12,687,41,29,0.9436813186813187,0.9594972067039106,1.0167597765363128,0.9515235457063712
45,3,irregular,3,221,224,3,196,25,28,0.8868778280542986,0.875,0.9866071428571429,0.8808988764044943
45,4,regular,1,1105,1101,4,1084,21,17,0.9809954751131221,0.9845594913714805,1.0036330608537694,0.9827742520398912
45,4,semiregular,1,675,614,61,537,138,77,0.7955555555555556,0.8745928338762216,1.0993485342019544,0.8332040341349883
45,4,irregular,1,203,228,25,53,150,175,0.26108374384236455,0.2324561403508772,0.8903508771929824,0.24593967517401394
45,4,regular,2,1095,1101,6,1086,9,15,0.9917808219178083,0.9863760217983651,0.9945504087193461,0.9890710382513661
45,4,semiregular,2,638,614,24,528,110,86,0.8275862068965517,0.8599348534201955,1.0390879478827362,0.8434504792332268
45,4,irregular,2,252,228,24,69,183,159,0.27380952380952384,0.3026315789473684,1.105263157894737,0.2875
45,4,regular,3,1094,1101,7,1089,5,12,0.9954296160877514,0.989100817438692,0.9936421435059037,0.9922551252847379
45,4,semiregular,3,631,614,17,571,60,43,0.9049128367670365,0.9299674267100977,1.0276872964169381,0.9172690763052209
45,4,irregular,3,243,228,15,202,41,26,0.831275720164609,0.8859649122807017,1.0657894736842106,0.8577494692144374
45,5,regular,1,1059,1044,15,1040,19,4,0.9820585457979226,0.9961685823754789,1.014367816091954,0.9890632429862102
45,5,semiregular,1,739,668,71,572,167,96,0.774018944519621,0.8562874251497006,1.1062874251497006,0.8130774697938877
45,5,irregular,1,231,217,14,53,178,164,0.22943722943722944,0.24423963133640553,1.064516129032258,0.23660714285714285
45,5,regular,2,1052,1044,8,1044,8,0,0.9923954372623575,1.0,1.0076628352490422,0.9961832061068702
45,5,semiregular,2,742,668,74,594,148,74,0.8005390835579514,0.8892215568862275,1.1107784431137724,0.8425531914893617
45,5,irregular,2,224,217,7,52,172,165,0.23214285714285715,0.23963133640552994,1.032258064516129,0.23582766439909297
45,5,regular,3,1042,1044,2,1040,2,4,0.9980806142034548,0.9961685823754789,0.9980842911877394,0.99712368168744
45,5,semiregular,3,689,668,21,637,52,31,0.9245283018867925,0.9535928143712575,1.031437125748503,0.9388356669123066
45,5,irregular,3,225,217,8,186,39,31,0.8266666666666667,0.8571428571428571,1.0368663594470047,0.841628959276018
45,6,regular,1,943,915,28,912,31,3,0.9671261930010604,0.9967213114754099,1.0306010928961749,0.9817007534983854
45,6,semiregular,1,654,701,47,560,94,141,0.8562691131498471,0.7988587731811697,0.9329529243937232,0.8265682656826568
45,6,irregular,1,224,195,29,47,177,148,0.20982142857142858,0.24102564102564103,1.1487179487179486,0.2243436754176611
45,6,regular,2,924,915,9,912,12,3,0.987012987012987,0.9967213114754099,1.0098360655737706,0.9918433931484504
45,6,semiregular,2,713,701,12,622,91,79,0.8723702664796634,0.8873038516405135,1.0171184022824535,0.8797736916548797
45,6,irregular,2,218,195,23,51,167,144,0.23394495412844038,0.26153846153846155,1.117948717948718,0.24697336561743344
45,6,regular,3,920,915,5,906,14,9,0.9847826086956522,0.9901639344262295,1.005464480874317,0.9874659400544958
45,6,semiregular,3,720,701,19,676,44,25,0.9388888888888889,0.9643366619115549,1.0271041369472182,0.9514426460239268
45,6,irregular,3,196,195,1,171,25,24,0.8724489795918368,0.8769230769230769,1.005128205128205,0.8746803069053708
45,7,regular,1,1243,1230,13,1226,17,4,0.9863234111021721,0.9967479674796748,1.0105691056910568,0.9915082895268903
45,7,semiregular,1,781,761,20,641,140,120,0.8207426376440461,0.8423127463863338,1.026281208935611,0.8313878080415046
45,7,irregular,1,259,225,34,50,209,175,0.19305019305019305,0.2222222222222222,1.1511111111111112,0.2066115702479339
45,7,regular,2,1225,1230,5,1215,10,15,0.9918367346938776,0.9878048780487805,0.9959349593495935,0.989816700610998
45,7,semiregular,2,778,761,17,648,130,113,0.8329048843187661,0.8515111695137977,1.0223390275952693,0.8421052631578947
45,7,irregular,2,296,225,71,55,241,170,0.1858108108108108,0.24444444444444444,1.3155555555555556,0.21113243761996162
45,7,regular,3,1206,1230,24,1202,4,28,0.9966832504145937,0.9772357723577236,0.9804878048780488,0.986863711001642
45,7,semiregular,3,763,761,2,695,68,66,0.9108781127129751,0.9132720105124835,1.002628120893561,0.9120734908136483
45,7,irregular,3,221,225,4,198,23,27,0.8959276018099548,0.88,0.9822222222222222,0.8878923766816144
45,8,regular,1,1044,1035,9,1022,22,13,0.9789272030651341,0.9874396135265701,1.008695652173913,0.9831649831649831
45,8,semiregular,1,776,827,51,687,89,140,0.8853092783505154,0.8307134220072552,0.9383313180169287,0.8571428571428571
45,8,irregular,1,325,243,82,58,267,185,0.17846153846153845,0.23868312757201646,1.337448559670782,0.20422535211267603
45,8,regular,2,1041,1035,6,1024,17,11,0.983669548511047,0.9893719806763285,1.0057971014492753,0.9865125240847784
45,8,semiregular,2,857,827,30,737,120,90,0.8599766627771295,0.8911729141475212,1.0362756952841596,0.8752969121140144
45,8,irregular,2,338,243,95,54,284,189,0.15976331360946747,0.2222222222222222,1.3909465020576133,0.18588640275387264
45,8,regular,3,1024,1035,11,1020,4,15,0.99609375,0.9855072463768116,0.9893719806763285,0.9907722195240408
45,8,semiregular,3,831,827,4,775,56,52,0.9326113116726835,0.9371221281741233,1.0048367593712213,0.9348612786489746
45,8,irregular,3,240,243,3,206,34,37,0.8583333333333333,0.8477366255144033,0.9876543209876543,0.8530020703933747
45,9,regular,1,1101,1107,6,1093,8,14,0.9927338782924614,0.987353206865402,0.994579945799458,0.990036231884058
45,9,semiregular,1,606,701,95,565,41,136,0.9323432343234324,0.8059914407988588,0.8644793152639088,0.864575363427697
45,9,irregular,1,246,266,20,55,191,211,0.22357723577235772,0.20676691729323307,0.924812030075188,0.21484374999999997
45,9,regular,2,1097,1107,10,1090,7,17,0.9936189608021878,0.9846431797651309,0.99096657633243,0.9891107078039928
45,9,semiregular,2,639,701,62,590,49,111,0.9233176838810642,0.8416547788873039,0.9115549215406562,0.8805970149253731
45,9,irregular,2,255,266,11,45,210,221,0.17647058823529413,0.16917293233082706,0.9586466165413534,0.1727447216890595
45,9,regular,3,1091,1107,16,1089,2,18,0.998166819431714,0.983739837398374,0.985546522131888,0.9909008189262967
45,9,semiregular,3,688,701,13,663,25,38,0.9636627906976745,0.9457917261055635,0.9814550641940085,0.9546436285097193
45,9,irregular,3,256,266,10,231,25,35,0.90234375,0.868421052631579,0.9624060150375939,0.8850574712643678
45,10,regular,1,1042,1014,28,1009,33,5,0.9683301343570058,0.995069033530572,1.0276134122287968,0.9815175097276264
45,10,semiregular,1,655,656,1,573,82,83,0.8748091603053435,0.8734756097560976,0.9984756097560976,0.8741418764302058
45,10,irregular,1,220,247,27,60,160,187,0.2727272727272727,0.242914979757085,0.8906882591093117,0.2569593147751606
45,10,regular,2,1023,1014,9,996,27,18,0.9736070381231672,0.9822485207100592,1.0088757396449703,0.9779086892488954
45,10,semiregular,2,661,656,5,581,80,75,0.8789712556732224,0.885670731707317,1.0076219512195121,0.8823082763857251
45,10,irregular,2,235,247,12,57,178,190,0.2425531914893617,0.23076923076923078,0.951417004048583,0.23651452282157678
45,10,regular,3,1017,1014,3,1009,8,5,0.992133726647001,0.995069033530572,1.0029585798816567,0.9935992122107337
45,10,semiregular,3,662,656,6,629,33,27,0.9501510574018127,0.9588414634146342,1.0091463414634145,0.9544764795144158
45,10,irregular,3,249,247,2,219,30,28,0.8795180722891566,0.8866396761133604,1.008097165991903,0.8830645161290321
45,11,regular,1,1062,1070,8,1058,4,12,0.9962335216572504,0.9887850467289719,0.9925233644859813,0.9924953095684803
45,11,semiregular,1,688,700,12,580,108,120,0.8430232558139535,0.8285714285714286,0.9828571428571429,0.8357348703170029
45,11,irregular,1,233,239,6,66,167,173,0.2832618025751073,0.27615062761506276,0.9748953974895398,0.2796610169491525
45,11,regular,2,1080,1070,10,1067,13,3,0.9879629629629629,0.997196261682243,1.0093457943925233,0.9925581395348837
45,11,semiregular,2,712,700,12,598,114,102,0.8398876404494382,0.8542857142857143,1.0171428571428571,0.8470254957507083
45,11,irregular,2,217,239,22,45,172,194,0.2073732718894009,0.18828451882845187,0.9079497907949791,0.19736842105263158
45,11,regular,3,1064,1070,6,1063,1,7,0.9990601503759399,0.9934579439252337,0.994392523364486,0.9962511715089035
45,11,semiregular,3,706,700,6,655,51,45,0.9277620396600567,0.9357142857142857,1.0085714285714287,0.9317211948790896
45,11,irregular,3,228,239,11,202,26,37,0.8859649122807017,0.8451882845188284,0.9539748953974896,0.8650963597430407
45,12,regular,1,1021,1007,14,1004,17,3,0.9833496571988247,0.997020854021847,1.0139026812313803,0.9901380670611439
45,12,semiregular,1,677,641,36,544,133,97,0.8035450516986706,0.8486739469578783,1.0561622464898597,0.8254931714719272
45,12,irregular,1,217,204,13,45,172,159,0.2073732718894009,0.22058823529411764,1.0637254901960784,0.21377672209026127
45,12,regular,2,1002,1007,5,998,4,9,0.9960079840319361,0.9910625620655412,0.9950347567030785,0.993529118964659
45,12,semiregular,2,639,641,2,513,126,128,0.8028169014084507,0.8003120124804992,0.9968798751950078,0.8015625
45,12,irregular,2,237,204,33,48,189,156,0.20253164556962025,0.23529411764705882,1.161764705882353,0.21768707482993196
45,12,regular,3,995,1007,12,991,4,16,0.9959798994974874,0.9841112214498511,0.9880834160873883,0.99000999000999
45,12,semiregular,3,663,641,22,598,65,43,0.9019607843137255,0.9329173166926678,1.034321372854914,0.9171779141104295
45,12,irregular,3,217,204,13,188,29,16,0.8663594470046083,0.9215686274509803,1.0637254901960784,0.8931116389548693
45,13,regular,1,1020,1000,20,998,22,2,0.9784313725490196,0.998,1.02,0.9881188118811882
45,13,semiregular,1,805,815,10,711,94,104,0.8832298136645963,0.8723926380368098,0.9877300613496932,0.8777777777777778
45,13,irregular,1,324,216,108,49,275,167,0.15123456790123457,0.22685185185185186,1.5,0.1814814814814815
45,13,regular,2,987,1000,13,984,3,16,0.9969604863221885,0.984,0.987,0.9904378459989935
45,13,semiregular,2,783,815,32,697,86,118,0.8901660280970626,0.8552147239263803,0.9607361963190184,0.8723404255319148
45,13,irregular,2,307,216,91,38,269,178,0.1237785016286645,0.17592592592592593,1.4212962962962963,0.14531548757170173
45,13,regular,3,990,1000,10,990,0,10,1.0,0.99,0.99,0.9949748743718593
45,13,semiregular,3,822,815,7,785,37,30,0.9549878345498783,0.9631901840490797,1.0085889570552147,0.9590714722052536
45,13,irregular,3,226,216,10,195,31,21,0.8628318584070797,0.9027777777777778,1.0462962962962963,0.8823529411764707
45,14,regular,1,1049,1052,3,1044,5,8,0.9952335557673975,0.9923954372623575,0.997148288973384,0.9938124702522609
45,14,semiregular,1,873,913,40,761,112,152,0.8717067583046965,0.8335158817086528,0.9561883899233297,0.8521836506159014
45,14,irregular,1,215,217,2,41,174,176,0.19069767441860466,0.1889400921658986,0.9907834101382489,0.18981481481481483
45,14,regular,2,1043,1052,9,1038,5,14,0.9952061361457335,0.9866920152091255,0.9914448669201521,0.9909307875894988
45,14,semiregular,2,964,913,51,870,94,43,0.9024896265560166,0.9529025191675794,1.0558598028477546,0.9270111880660629
45,14,irregular,2,201,217,16,41,160,176,0.20398009950248755,0.1889400921658986,0.9262672811059908,0.19617224880382775
45,14,regular,3,1033,1052,19,1032,1,20,0.9990319457889641,0.9809885931558935,0.9819391634980988,0.9899280575539567
45,14,semiregular,3,788,913,125,719,69,194,0.9124365482233503,0.787513691128149,0.8630887185104053,0.8453850676072897
45,14,irregular,3,214,217,3,191,23,26,0.8925233644859814,0.880184331797235,0.9861751152073732,0.8863109048723898
45,15,regular,1,964,964,0,955,9,9,0.9906639004149378,0.9906639004149378,1.0,0.9906639004149378
45,15,semiregular,1,711,774,63,635,76,139,0.8931082981715893,0.8204134366925064,0.9186046511627907,0.8552188552188552
45,15,irregular,1,228,218,10,43,185,175,0.18859649122807018,0.19724770642201836,1.0458715596330275,0.19282511210762332
45,15,regular,2,967,964,3,958,9,6,0.9906928645294726,0.9937759336099585,1.0031120331950207,0.9922320041429311
45,15,semiregular,2,765,774,9,681,84,93,0.8901960784313725,0.8798449612403101,0.9883720930232558,0.8849902534113061
45,15,irregular,2,216,218,2,48,168,170,0.2222222222222222,0.22018348623853212,0.9908256880733946,0.22119815668202766
45,15,regular,3,953,964,11,952,1,12,0.9989506820566632,0.9875518672199171,0.9885892116182573,0.9932185706833594
45,15,semiregular,3,767,774,7,731,36,43,0.9530638852672751,0.9444444444444444,0.9909560723514211,0.9487345879299157
45,15,irregular,3,218,218,0,200,18,18,0.9174311926605505,0.9174311926605505,1.0,0.9174311926605505
45,16,regular,1,1123,1109,14,1104,19,5,0.9830810329474622,0.9954914337240758,1.0126239855725878,0.989247311827957
45,16,semiregular,1,686,681,5,585,101,96,0.8527696793002916,0.8590308370044053,1.0073421439060206,0.8558888076079004
45,16,irregular,1,210,272,62,56,154,216,0.26666666666666666,0.20588235294117646,0.7720588235294118,0.23236514522821577
45,16,regular,2,1127,1109,18,1109,18,0,0.9840283939662822,1.0,1.0162308385933274,0.9919499105545617
45,16,semiregular,2,691,681,10,579,112,102,0.8379160636758322,0.8502202643171806,1.014684287812041,0.8440233236151603
45,16,irregular,2,203,272,69,47,156,225,0.2315270935960591,0.17279411764705882,0.7463235294117647,0.19789473684210526
45,16,regular,3,1096,1109,13,1094,2,15,0.9981751824817519,0.9864743011722272,0.9882777276825969,0.9922902494331065
45,16,semiregular,3,669,681,12,632,37,49,0.9446935724962631,0.9280469897209985,0.9823788546255506,0.9362962962962964
45,16,irregular,3,258,272,14,223,35,49,0.8643410852713178,0.8198529411764706,0.9485294117647058,0.8415094339622641
45,17,regular,1,1040,1029,11,1024,16,5,0.9846153846153847,0.9951409135082604,1.010689990281827,0.9898501691638474
45,17,semiregular,1,770,837,67,682,88,155,0.8857142857142857,0.8148148148148148,0.9199522102747909,0.848786558805227
45,17,irregular,1,246,240,6,50,196,190,0.2032520325203252,0.20833333333333334,1.025,0.20576131687242796
45,17,regular,2,1041,1029,12,1027,14,2,0.9865513928914506,0.9980563654033042,1.0116618075801749,0.9922705314009662
45,17,semiregular,2,842,837,5,756,86,81,0.8978622327790974,0.9032258064516129,1.005973715651135,0.9005360333531863
45,17,irregular,2,275,240,35,55,220,185,0.2,0.22916666666666666,1.1458333333333333,0.21359223300970875
45,17,regular,3,1032,1029,3,1027,5,2,0.9951550387596899,0.9980563654033042,1.0029154518950438,0.9966035904900533
45,17,semiregular,3,840,837,3,801,39,36,0.9535714285714286,0.956989247311828,1.003584229390681,0.9552772808586762
45,17,irregular,3,242,240,2,199,43,41,0.8223140495867769,0.8291666666666667,1.0083333333333333,0.8257261410788383
45,18,regular,1,1066,1044,22,1042,24,2,0.9774859287054409,0.9980842911877394,1.0210727969348659,0.9876777251184834
45,18,semiregular,1,772,801,29,685,87,116,0.8873056994818653,0.8551810237203495,0.9637952559300874,0.8709472345835981
45,18,irregular,1,219,252,33,64,155,188,0.2922374429223744,0.25396825396825395,0.8690476190476191,0.27176220806794055
45,18,regular,2,1052,1044,8,1039,13,5,0.9876425855513308,0.9952107279693486,1.0076628352490422,0.9914122137404581
45,18,semiregular,2,812,801,11,722,90,79,0.8891625615763546,0.9013732833957553,1.013732833957553,0.8952262864228147
45,18,irregular,2,206,252,46,57,149,195,0.2766990291262136,0.2261904761904762,0.8174603174603174,0.24890829694323147
45,18,regular,3,1048,1044,4,1042,6,2,0.9942748091603053,0.9980842911877394,1.003831417624521,0.9961759082217974
45,18,semiregular,3,807,801,6,776,31,25,0.9615861214374225,0.968789013732834,1.0074906367041199,0.9651741293532339
45,18,irregular,3,243,252,9,213,30,39,0.8765432098765432,0.8452380952380952,0.9642857142857143,0.8606060606060606
45,19,regular,1,1101,1076,25,1074,27,2,0.9754768392370572,0.9981412639405205,1.0232342007434945,0.9866789159393661
45,19,semiregular,1,704,753,49,619,85,134,0.8792613636363636,0.8220451527224436,0.9349269588313412,0.8496911461908031
45,19,irregular,1,172,245,73,51,121,194,0.29651162790697677,0.20816326530612245,0.7020408163265306,0.2446043165467626
45,19,regular,2,1078,1076,2,1071,7,5,0.9935064935064936,0.9953531598513011,1.0018587360594795,0.9944289693593314
45,19,semiregular,2,720,753,33,640,80,113,0.8888888888888888,0.849933598937583,0.9561752988047809,0.8689748811948403
45,19,irregular,2,217,245,28,64,153,181,0.29493087557603687,0.2612244897959184,0.8857142857142857,0.27705627705627706
45,19,regular,3,1066,1076,10,1066,0,10,1.0,0.9907063197026023,0.9907063197026023,0.9953314659197012
45,19,semiregular,3,743,753,10,704,39,49,0.9475100942126514,0.9349269588313412,0.9867197875166003,0.9411764705882352
45,19,irregular,3,248,245,3,216,32,29,0.8709677419354839,0.8816326530612245,1.0122448979591836,0.8762677484787018
45,20,regular,1,1254,1251,3,1242,12,9,0.9904306220095693,0.9928057553956835,1.0023980815347722,0.9916167664670659
45,20,semiregular,1,809,841,32,693,116,148,0.8566131025957973,0.8240190249702735,0.9619500594530321,0.84
45,20,irregular,1,237,252,15,88,149,164,0.37130801687763715,0.3492063492063492,0.9404761904761905,0.35991820040899797
45,20,regular,2,1235,1251,16,1231,4,20,0.9967611336032388,0.9840127897681854,0.9872102318145484,0.990345937248592
45,20,semiregular,2,894,841,53,765,129,76,0.8557046979865772,0.9096313912009513,1.0630202140309155,0.8818443804034583
45,20,irregular,2,292,252,40,120,172,132,0.410958904109589,0.47619047619047616,1.1587301587301588,0.4411764705882353
45,20,regular,3,1228,1251,23,1224,4,27,0.996742671009772,0.9784172661870504,0.9816147082334132,0.9874949576442114
45,20,semiregular,3,842,841,1,783,59,58,0.9299287410926366,0.9310344827586207,1.0011890606420928,0.93048128342246
45,20,irregular,3,254,252,2,220,34,32,0.8661417322834646,0.873015873015873,1.007936507936508,0.8695652173913044
45,21,regular,1,933,920,13,919,14,1,0.984994640943194,0.9989130434782608,1.0141304347826088,0.9919050188882892
45,21,semiregular,1,677,549,128,481,196,68,0.7104874446085672,0.8761384335154827,1.2331511839708562,0.7846655791190864
45,21,irregular,1,217,204,13,50,167,154,0.2304147465437788,0.24509803921568626,1.0637254901960784,0.2375296912114014
45,21,regular,2,925,920,5,920,5,0,0.9945945945945946,1.0,1.0054347826086956,0.997289972899729
45,21,semiregular,2,683,549,134,533,150,16,0.780380673499268,0.970856102003643,1.2440801457194899,0.8652597402597403
45,21,irregular,2,226,204,22,57,169,147,0.252212389380531,0.27941176470588236,1.107843137254902,0.2651162790697675
45,21,regular,3,908,920,12,903,5,17,0.9944933920704846,0.9815217391304348,0.9869565217391304,0.987964989059081
45,21,semiregular,3,544,549,5,441,103,108,0.8106617647058824,0.8032786885245902,0.9908925318761385,0.8069533394327538
45,21,irregular,3,202,204,2,186,16,18,0.9207920792079208,0.9117647058823529,0.9901960784313726,0.9162561576354681
45,22,regular,1,980,946,34,943,37,3,0.9622448979591837,0.9968287526427061,1.0359408033826638,0.9792315680166147
45,22,semiregular,1,751,703,48,618,133,85,0.8229027962716379,0.8790896159317212,1.0682788051209104,0.8500687757909215
45,22,irregular,1,203,247,44,52,151,195,0.2561576354679803,0.21052631578947367,0.8218623481781376,0.2311111111111111
45,22,regular,2,948,946,2,936,12,10,0.9873417721518988,0.9894291754756871,1.0021141649048626,0.9883843717001056
45,22,semiregular,2,720,703,17,608,112,95,0.8444444444444444,0.8648648648648649,1.0241820768136558,0.8545326774420239
45,22,irregular,2,234,247,13,50,184,197,0.21367521367521367,0.20242914979757085,0.9473684210526315,0.20790020790020788
45,22,regular,3,904,946,42,894,10,52,0.9889380530973452,0.945031712473573,0.9556025369978859,0.9664864864864866
45,22,semiregular,3,714,703,11,670,44,33,0.938375350140056,0.9530583214793741,1.0156472261735419,0.9456598447424136
45,22,irregular,3,240,247,7,209,31,38,0.8708333333333333,0.8461538461538461,0.97165991902834,0.8583162217659138
45,23,regular,1,1057,999,58,995,62,4,0.9413434247871334,0.995995995995996,1.058058058058058,0.9678988326848248
45,23,semiregular,1,792,835,43,665,127,170,0.8396464646464646,0.7964071856287425,0.948502994011976,0.8174554394591272
45,23,irregular,1,333,266,67,47,286,219,0.14114114114114115,0.17669172932330826,1.2518796992481203,0.15692821368948248
45,23,regular,2,997,999,2,992,5,7,0.9949849548645938,0.992992992992993,0.997997997997998,0.9939879759519038
45,23,semiregular,2,920,835,85,785,135,50,0.8532608695652174,0.9401197604790419,1.1017964071856288,0.8945868945868946
45,23,irregular,2,257,266,9,48,209,218,0.1867704280155642,0.18045112781954886,0.9661654135338346,0.18355640535372847
45,23,regular,3,987,999,12,967,20,32,0.9797365754812564,0.9679679679679679,0.987987987987988,0.973816717019134
45,23,semiregular,3,845,835,10,786,59,49,0.9301775147928995,0.9413173652694611,1.0119760479041917,0.9357142857142857
45,23,irregular,3,273,266,7,225,48,41,0.8241758241758241,0.8458646616541353,1.0263157894736843,0.8348794063079776
45,24,regular,1,1079,1079,0,1066,13,13,0.9879518072289156,0.9879518072289156,1.0,0.9879518072289156
45,24,semiregular,1,582,680,98,518,64,162,0.8900343642611683,0.7617647058823529,0.8558823529411764,0.820919175911252
45,24,irregular,1,304,247,57,58,246,189,0.19078947368421054,0.23481781376518218,1.2307692307692308,0.2105263157894737
45,24,regular,2,1060,1079,19,1052,8,27,0.9924528301886792,0.9749768303985171,0.9823911028730306,0.9836372136512389
45,24,semiregular,2,634,680,46,564,70,116,0.889589905362776,0.8294117647058824,0.9323529411764706,0.858447488584475
45,24,irregular,2,283,247,36,41,242,206,0.14487632508833923,0.1659919028340081,1.145748987854251,0.15471698113207547
45,24,regular,3,1070,1079,9,1067,3,12,0.997196261682243,0.9888785912882299,0.9916589434661723,0.9930200093066543
45,24,semiregular,3,695,680,15,661,34,19,0.9510791366906475,0.9720588235294118,1.0220588235294117,0.9614545454545456
45,24,irregular,3,235,247,12,227,8,20,0.9659574468085106,0.9190283400809717,0.951417004048583,0.941908713692946
45,25,regular,1,925,946,21,919,6,27,0.9935135135135135,0.9714587737843552,0.9778012684989429,0.9823623730625335
45,25,semiregular,1,705,718,13,581,124,137,0.8241134751773049,0.8091922005571031,0.9818941504178273,0.8165846802529866
45,25,irregular,1,398,207,191,44,354,163,0.11055276381909548,0.21256038647342995,1.922705314009662,0.14545454545454548
45,25,regular,2,935,946,11,930,5,16,0.9946524064171123,0.9830866807610994,0.9883720930232558,0.988835725677831
45,25,semiregular,2,767,718,49,618,149,100,0.8057366362451108,0.8607242339832869,1.0682451253481895,0.8323232323232324
45,25,irregular,2,820,207,613,99,721,108,0.12073170731707317,0.4782608695652174,3.9613526570048307,0.19279454722492698
45,25,regular,3,921,946,25,918,3,28,0.996742671009772,0.9704016913319239,0.9735729386892178,0.9833958221746116
45,25,semiregular,3,675,718,43,616,59,102,0.9125925925925926,0.8579387186629527,0.9401114206128134,0.8844221105527639
45,25,irregular,3,247,207,40,161,86,46,0.6518218623481782,0.7777777777777778,1.1932367149758454,0.709251101321586
45,26,regular,1,1139,985,154,985,154,0,0.8647936786654961,1.0,1.1563451776649747,0.9274952919020716
45,26,semiregular,1,780,720,60,629,151,91,0.8064102564102564,0.8736111111111111,1.0833333333333333,0.8386666666666667
45,26,irregular,1,238,214,24,45,193,169,0.18907563025210083,0.2102803738317757,1.1121495327102804,0.19911504424778761
45,26,regular,2,815,985,170,810,5,175,0.9938650306748467,0.8223350253807107,0.8274111675126904,0.9
45,26,semiregular,2,725,720,5,599,126,121,0.8262068965517242,0.8319444444444445,1.0069444444444444,0.8290657439446367
45,26,irregular,2,308,214,94,50,258,164,0.16233766233766234,0.2336448598130841,1.439252336448598,0.19157088122605365
45,26,regular,3,999,985,14,978,21,7,0.978978978978979,0.9928934010152284,1.0142131979695432,0.9858870967741935
45,26,semiregular,3,701,720,19,649,52,71,0.9258202567760342,0.9013888888888889,0.9736111111111111,0.9134412385643913
45,26,irregular,3,286,214,72,196,90,18,0.6853146853146853,0.9158878504672897,1.3364485981308412,0.7839999999999999
45,27,regular,1,1137,1166,29,1127,10,39,0.9912049252418645,0.9665523156089194,0.9751286449399656,0.9787234042553191
45,27,semiregular,1,710,728,18,587,123,141,0.8267605633802817,0.8063186813186813,0.9752747252747253,0.8164116828929069
45,27,irregular,1,373,270,103,60,313,210,0.16085790884718498,0.2222222222222222,1.3814814814814815,0.18662519440124417
45,27,regular,2,1166,1166,0,1156,10,10,0.9914236706689536,0.9914236706689536,1.0,0.9914236706689536
45,27,semiregular,2,768,728,40,640,128,88,0.8333333333333334,0.8791208791208791,1.054945054945055,0.8556149732620321
45,27,irregular,2,325,270,55,54,271,216,0.16615384615384615,0.2,1.2037037037037037,0.1815126050420168
45,27,regular,3,1106,1166,60,1103,3,63,0.9972875226039783,0.9459691252144082,0.9485420240137221,0.9709507042253522
45,27,semiregular,3,699,728,29,656,43,72,0.9384835479256081,0.9010989010989011,0.9601648351648352,0.9194113524877365
45,27,irregular,3,262,270,8,234,28,36,0.8931297709923665,0.8666666666666667,0.9703703703703703,0.8796992481203009
45,28,regular,1,1066,1098,32,1050,16,48,0.9849906191369606,0.9562841530054644,0.970856102003643,0.9704251386321626
45,28,semiregular,1,790,859,69,674,116,185,0.8531645569620253,0.7846332945285215,0.919674039580908,0.8174651303820497
45,28,irregular,1,416,293,123,44,372,249,0.10576923076923077,0.15017064846416384,1.4197952218430034,0.12411847672778561
45,28,regular,2,1092,1098,6,1075,17,23,0.9844322344322345,0.9790528233151184,0.994535519125683,0.9817351598173516
45,28,semiregular,2,827,859,32,703,124,156,0.8500604594921403,0.8183934807916181,0.9627473806752037,0.833926453143535
45,28,irregular,2,523,293,230,74,449,219,0.14149139579349904,0.2525597269624573,1.7849829351535835,0.18137254901960786
45,28,regular,3,1091,1098,7,1080,11,18,0.9899175068744271,0.9836065573770492,0.9936247723132969,0.9867519415258108
45,28,semiregular,3,831,859,28,766,65,93,0.9217809867629362,0.8917345750873108,0.9674039580908033,0.906508875739645
45,28,irregular,3,313,293,20,200,113,93,0.6389776357827476,0.6825938566552902,1.068259385665529,0.6600660066006601
45,29,regular,1,1151,1140,11,1139,12,1,0.9895742832319722,0.9991228070175439,1.0096491228070175,0.994325621999127
45,29,semiregular,1,935,869,66,754,181,115,0.8064171122994652,0.8676639815880323,1.0759493670886076,0.835920177383592
45,29,irregular,1,254,247,7,49,205,198,0.19291338582677164,0.19838056680161945,1.0283400809716599,0.19560878243512977
45,29,regular,2,1140,1140,0,1133,7,7,0.993859649122807,0.993859649122807,1.0,0.993859649122807
45,29,semiregular,2,1037,869,168,831,206,38,0.8013500482160077,0.956271576524741,1.193325661680092,0.8719832109129066
45,29,irregular,2,265,247,18,51,214,196,0.19245283018867926,0.20647773279352227,1.0728744939271255,0.19921875
45,29,regular,3,1098,1140,42,1097,1,43,0.9990892531876139,0.962280701754386,0.9631578947368421,0.9803395889186775
45,29,semiregular,3,919,869,50,724,195,145,0.7878128400435256,0.8331415420023015,1.0575373993095512,0.8098434004474272
45,29,irregular,3,266,247,19,226,40,21,0.849624060150376,0.9149797570850202,1.0769230769230769,0.8810916179337231
45,30,regular,1,1023,997,26,991,32,6,0.9687194525904204,0.9939819458375125,1.0260782347041124,0.9811881188118812
45,30,semiregular,1,725,810,85,638,87,172,0.88,0.7876543209876543,0.8950617283950617,0.8312703583061888
45,30,irregular,1,439,250,189,50,389,200,0.11389521640091116,0.2,1.756,0.14513788098693758
45,30,regular,2,986,997,11,983,3,14,0.9969574036511156,0.9859578736208626,0.9889669007021064,0.9914271306101866
45,30,semiregular,2,807,810,3,702,105,108,0.8698884758364313,0.8666666666666667,0.9962962962962963,0.868274582560297
45,30,irregular,2,423,250,173,48,375,202,0.11347517730496454,0.192,1.692,0.14264487369985143
45,30,regular,3,991,997,6,989,2,8,0.9979818365287588,0.9919759277833501,0.9939819458375125,0.9949698189134809
45,30,semiregular,3,806,810,4,758,48,52,0.9404466501240695,0.9358024691358025,0.9950617283950617,0.9381188118811882
45,30,irregular,3,251,250,1,208,43,42,0.8286852589641435,0.832,1.004,0.8303393213572855
60,1,regular,1,964,937,27,923,41,14,0.9574688796680498,0.9850586979722519,1.0288153681963714,0.9710678590215677
60,1,semiregular,1,807,703,104,627,180,76,0.7769516728624535,0.8918918918918919,1.1479374110953058,0.8304635761589404
60,1,irregular,1,143,199,56,52,91,147,0.36363636363636365,0.2613065326633166,0.7185929648241206,0.304093567251462
60,1,regular,2,960,937,23,932,28,5,0.9708333333333333,0.9946638207043756,1.024546424759872,0.9826041117554033
60,1,semiregular,2,695,703,8,576,119,127,0.8287769784172662,0.8193456614509246,0.9886201991465149,0.8240343347639485
60,1,irregular,2,183,199,16,81,102,118,0.4426229508196721,0.40703517587939697,0.9195979899497487,0.4240837696335079
60,1,regular,3,941,937,4,934,7,3,0.9925611052072264,0.9967982924226254,1.0042689434364995,0.9946751863684772
60,1,semiregular,3,691,703,12,633,58,70,0.9160636758321273,0.9004267425320057,0.9829302987197724,0.9081779053084648
60,1,irregular,3,194,199,5,164,30,35,0.845360824742268,0.8241206030150754,0.9748743718592965,0.8346055979643766
60,2,regular,1,1191,1224,33,1178,13,46,0.9890848026868178,0.9624183006535948,0.9730392156862745,0.9755693581780538
60,2,semiregular,1,617,647,30,563,54,84,0.9124797406807131,0.8701700154559505,0.9536321483771252,0.8908227848101266
60,2,irregular,1,205,217,12,59,146,158,0.28780487804878047,0.271889400921659,0.9447004608294931,0.2796208530805687
60,2,regular,2,1233,1224,9,1222,11,2,0.9910786699107867,0.9983660130718954,1.0073529411764706,0.9947089947089947
60,2,semiregular,2,670,647,23,621,49,26,0.926865671641791,0.9598145285935085,1.035548686244204,0.9430523917995444
60,2,irregular,2,287,217,70,131,156,86,0.4564459930313589,0.6036866359447005,1.3225806451612903,0.5198412698412699
60,2,regular,3,1210,1224,14,1202,8,22,0.9933884297520661,0.9820261437908496,0.988562091503268,0.9876746096959738
60,2,semiregular,3,610,647,37,564,46,83,0.9245901639344263,0.8717156105100463,0.9428129829984544,0.8973747016706445
60,2,irregular,3,142,217,75,102,40,115,0.7183098591549296,0.4700460829493088,0.6543778801843319,0.5682451253481894
60,3,regular,1,1028,1053,25,1022,6,31,0.9941634241245136,0.9705603038936372,0.976258309591643,0.9822200864968765
60,3,semiregular,1,697,716,19,604,93,112,0.866571018651363,0.8435754189944135,0.973463687150838,0.8549186128803964
60,3,irregular,1,206,224,18,66,140,158,0.32038834951456313,0.29464285714285715,0.9196428571428571,0.30697674418604654
60,3,regular,2,1051,1053,2,1046,5,7,0.9952426260704091,0.99335232668566,0.9981006647673314,0.9942965779467681
60,3,semiregular,2,704,716,12,613,91,103,0.8707386363636364,0.8561452513966481,0.9832402234636871,0.863380281690141
60,3,irregular,2,218,224,6,76,142,148,0.3486238532110092,0.3392857142857143,0.9732142857142857,0.3438914027149322
60,3,regular,3,1051,1053,2,1048,3,5,0.9971455756422455,0.9952516619183286,0.9981006647673314,0.9961977186311787
60,3,semiregular,3,701,716,15,658,43,58,0.9386590584878745,0.9189944134078212,0.979050279329609,0.9287226534932956
60,3,irregular,3,222,224,2,192,30,32,0.8648648648648649,0.8571428571428571,0.9910714285714286,0.8609865470852017
60,4,regular,1,1075,1101,26,1065,10,36,0.9906976744186047,0.9673024523160763,0.9763851044504995,0.9788602941176471
60,4,semiregular,1,666,614,52,532,134,82,0.7987987987987988,0.8664495114006515,1.0846905537459284,0.83125
60,4,irregular,1,199,228,29,62,137,166,0.31155778894472363,0.2719298245614035,0.8728070175438597,0.2903981264637003
60,4,regular,2,1105,1101,4,1094,11,7,0.9900452488687783,0.9936421435059037,1.0036330608537694,0.9918404351767905
60,4,semiregular,2,654,614,40,523,131,91,0.7996941896024465,0.8517915309446255,1.0651465798045603,0.8249211356466878
60,4,irregular,2,263,228,35,90,173,138,0.34220532319391633,0.39473684210526316,1.1535087719298245,0.3665987780040733
60,4,regular,3,1101,1101,0,1095,6,6,0.9945504087193461,0.9945504087193461,1.0,0.9945504087193461
60,4,semiregular,3,630,614,16,567,63,47,0.9,0.9234527687296417,1.0260586319218241,0.9115755627009646
60,4,irregular,3,247,228,19,201,46,27,0.8137651821862348,0.881578947368421,1.0833333333333333,0.8463157894736841
60,5,regular,1,1024,1044,20,1021,3,23,0.9970703125,0.9779693486590039,0.9808429118773946,0.9874274661508705
60,5,semiregular,1,777,668,109,598,179,70,0.7696267696267697,0.8952095808383234,1.1631736526946108,0.827681660899654
60,5,irregular,1,246,217,29,60,186,157,0.24390243902439024,0.2764976958525346,1.1336405529953917,0.2591792656587473
60,5,regular,2,1041,1044,3,1035,6,9,0.9942363112391931,0.9913793103448276,0.9971264367816092,0.9928057553956835
60,5,semiregular,2,724,668,56,582,142,86,0.8038674033149171,0.8712574850299402,1.0838323353293413,0.8362068965517242
60,5,irregular,2,202,217,15,46,156,171,0.22772277227722773,0.2119815668202765,0.9308755760368663,0.21957040572792363
60,5,regular,3,1040,1044,4,1039,1,5,0.9990384615384615,0.9952107279693486,0.9961685823754789,0.9971209213051823
60,5,semiregular,3,659,668,9,611,48,57,0.9271623672230652,0.9146706586826348,0.9865269461077845,0.9208741522230595
60,5,irregular,3,226,217,9,183,43,34,0.8097345132743363,0.8433179723502304,1.0414746543778801,0.8261851015801355
60,6,regular,1,919,915,4,898,21,17,0.9771490750816104,0.9814207650273225,1.0043715846994536,0.9792802617230099
60,6,semiregular,1,678,701,23,585,93,116,0.8628318584070797,0.8345221112696148,0.9671897289586305,0.8484408992023205
60,6,irregular,1,238,195,43,51,187,144,0.21428571428571427,0.26153846153846155,1.2205128205128206,0.23556581986143188
60,6,regular,2,920,915,5,910,10,5,0.9891304347826086,0.994535519125683,1.005464480874317,0.9918256130790191
60,6,semiregular,2,693,701,8,614,79,87,0.886002886002886,0.8758915834522111,0.9885877318116976,0.8809182209469153
60,6,irregular,2,236,195,41,65,171,130,0.2754237288135593,0.3333333333333333,1.2102564102564102,0.3016241299303944
60,6,regular,3,928,915,13,911,17,4,0.9816810344827587,0.9956284153005465,1.014207650273224,0.9886055344546935
60,6,semiregular,3,693,701,8,640,53,61,0.9235209235209235,0.912981455064194,0.9885877318116976,0.9182209469153515
60,6,irregular,3,202,195,7,172,30,23,0.8514851485148515,0.882051282051282,1.035897435897436,0.8664987405541562
60,7,regular,1,1206,1230,24,1201,5,29,0.9958540630182421,0.9764227642276423,0.9804878048780488,0.9860426929392446
60,7,semiregular,1,747,761,14,636,111,125,0.8514056224899599,0.835742444152431,0.9816031537450722,0.843501326259947
60,7,irregular,1,242,225,17,58,184,167,0.2396694214876033,0.2577777777777778,1.0755555555555556,0.24839400428265526
60,7,regular,2,1233,1230,3,1218,15,12,0.9878345498783455,0.9902439024390244,1.002439024390244,0.9890377588306943
60,7,semiregular,2,751,761,10,628,123,133,0.8362183754993342,0.8252299605781866,0.9868593955321945,0.8306878306878307
60,7,irregular,2,261,225,36,54,207,171,0.20689655172413793,0.24,1.16,0.22222222222222224
60,7,regular,3,1225,1230,5,1222,3,8,0.9975510204081632,0.9934959349593496,0.9959349593495935,0.995519348268839
60,7,semiregular,3,726,761,35,657,69,104,0.9049586776859504,0.8633377135348226,0.9540078843626807,0.8836583725622058
60,7,irregular,3,220,225,5,193,27,32,0.8772727272727273,0.8577777777777778,0.9777777777777777,0.8674157303370786
60,8,regular,1,1010,1035,25,1003,7,32,0.9930693069306931,0.9690821256038648,0.9758454106280193,0.9809290953545231
60,8,semiregular,1,831,827,4,729,102,98,0.8772563176895307,0.8814993954050786,1.0048367593712213,0.8793727382388419
60,8,irregular,1,350,243,107,68,282,175,0.19428571428571428,0.27983539094650206,1.440329218106996,0.2293423271500843
60,8,regular,2,1046,1035,11,1025,21,10,0.9799235181644359,0.9903381642512077,1.0106280193236714,0.9851033157135992
60,8,semiregular,2,808,827,19,709,99,118,0.8774752475247525,0.8573155985489722,0.9770253929866989,0.8672782874617737
60,8,irregular,2,299,243,56,52,247,191,0.17391304347826086,0.2139917695473251,1.2304526748971194,0.19188191881918817
60,8,regular,3,1031,1035,4,1028,3,7,0.997090203685742,0.9932367149758454,0.996135265700483,0.995159728944821
60,8,semiregular,3,805,827,22,750,55,77,0.9316770186335404,0.9068923821039904,0.973397823458283,0.9191176470588235
60,8,irregular,3,245,243,2,204,41,39,0.8326530612244898,0.8395061728395061,1.008230452674897,0.8360655737704918
60,9,regular,1,1096,1107,11,1085,11,22,0.989963503649635,0.980126467931346,0.990063233965673,0.9850204266908761
60,9,semiregular,1,661,701,40,617,44,84,0.9334341906202723,0.8801711840228246,0.9429386590584878,0.9060205580029368
60,9,irregular,1,273,266,7,69,204,197,0.25274725274725274,0.2593984962406015,1.0263157894736843,0.2560296846011132
60,9,regular,2,1102,1107,5,1095,7,12,0.9936479128856625,0.989159891598916,0.995483288166215,0.9913988229968311
60,9,semiregular,2,640,701,61,584,56,117,0.9125,0.833095577746077,0.912981455064194,0.8709917971662938
60,9,irregular,2,220,266,46,44,176,222,0.2,0.16541353383458646,0.8270676691729323,0.1810699588477366
60,9,regular,3,1107,1107,0,1102,5,5,0.995483288166215,0.995483288166215,1.0,0.995483288166215
60,9,semiregular,3,675,701,26,654,21,47,0.9688888888888889,0.9329529243937232,0.9629101283880172,0.9505813953488373
60,9,irregular,3,263,266,3,229,34,37,0.870722433460076,0.8609022556390977,0.9887218045112782,0.8657844990548205
60,10,regular,1,1006,1014,8,994,12,20,0.9880715705765407,0.980276134122288,0.9921104536489151,0.9841584158415841
60,10,semiregular,1,678,656,22,589,89,67,0.8687315634218289,0.8978658536585366,1.0335365853658536,0.8830584707646177
60,10,irregular,1,230,247,17,68,162,179,0.2956521739130435,0.27530364372469635,0.9311740890688259,0.28511530398322854
60,10,regular,2,1035,1014,21,1009,26,5,0.9748792270531401,0.995069033530572,1.0207100591715976,0.9848706686188385
60,10,semiregular,2,637,656,19,573,64,83,0.8995290423861853,0.8734756097560976,0.9710365853658537,0.8863109048723898
60,10,irregular,2,245,247,2,72,173,175,0.2938775510204082,0.291497975708502,0.9919028340080972,0.2926829268292683
60,10,regular,3,1022,1014,8,1011,11,3,0.9892367906066536,0.9970414201183432,1.0078895463510849,0.9931237721021611
60,10,semiregular,3,624,656,32,597,27,59,0.9567307692307693,0.9100609756097561,0.9512195121951219,0.9328125
60,10,irregular,3,242,247,5,211,31,36,0.871900826446281,0.854251012145749,0.979757085020243,0.8629856850715747
60,11,regular,1,1043,1070,27,1039,4,31,0.9961649089165868,0.9710280373831776,0.974766355140187,0.9834358731661146
60,11,semiregular,1,711,700,11,596,115,104,0.8382559774964838,0.8514285714285714,1.0157142857142858,0.8447909284195605
60,11,irregular,1,251,239,12,77,174,162,0.30677290836653387,0.32217573221757323,1.0502092050209204,0.3142857142857143
60,11,regular,2,1072,1070,2,1067,5,3,0.9953358208955224,0.997196261682243,1.0018691588785047,0.996265172735761
60,11,semiregular,2,690,700,10,591,99,109,0.8565217391304348,0.8442857142857143,0.9857142857142858,0.8503597122302158
60,11,irregular,2,222,239,17,49,173,190,0.22072072072072071,0.20502092050209206,0.9288702928870293,0.21258134490238612
60,11,regular,3,1066,1070,4,1064,2,6,0.99812382739212,0.994392523364486,0.9962616822429906,0.9962546816479401
60,11,semiregular,3,665,700,35,622,43,78,0.9353383458646617,0.8885714285714286,0.95,0.9113553113553113
60,11,irregular,3,231,239,8,205,26,34,0.8874458874458875,0.8577405857740585,0.9665271966527197,0.8723404255319149
60,12,regular,1,998,1007,9,990,8,17,0.9919839679358717,0.9831181727904668,0.9910625620655412,0.9875311720698254
60,12,semiregular,1,703,641,62,566,137,75,0.8051209103840683,0.8829953198127926,1.0967238689547583,0.8422619047619048
60,12,irregular,1,218,204,14,45,173,159,0.20642201834862386,0.22058823529411764,1.0686274509803921,0.2132701421800948
60,12,regular,2,1023,1007,16,1007,16,0,0.9843597262952102,1.0,1.015888778550149,0.9921182266009853
60,12,semiregular,2,650,641,9,525,125,116,0.8076923076923077,0.8190327613104524,1.0140405616224648,0.8133230054221534
60,12,irregular,2,224,204,20,47,177,157,0.20982142857142858,0.23039215686274508,1.0980392156862746,0.21962616822429903
60,12,regular,3,1009,1007,2,1000,9,7,0.9910802775024777,0.9930486593843099,1.0019860973187686,0.9920634920634921
60,12,semiregular,3,634,641,7,565,69,76,0.8911671924290221,0.8814352574102964,0.9890795631825273,0.8862745098039216
60,12,irregular,3,222,204,18,178,44,26,0.8018018018018018,0.8725490196078431,1.088235294117647,0.8356807511737089
60,13,regular,1,989,1000,11,985,4,15,0.9959555106167847,0.985,0.989,0.9904474610356964
60,13,semiregular,1,849,815,34,746,103,69,0.8786808009422851,0.9153374233128835,1.041717791411043,0.8966346153846154
60,13,irregular,1,308,216,92,50,258,166,0.16233766233766234,0.23148148148148148,1.4259259259259258,0.19083969465648853
60,13,regular,2,1002,1000,2,994,8,6,0.9920159680638723,0.994,1.002,0.993006993006993
60,13,semiregular,2,784,815,31,700,84,115,0.8928571428571429,0.8588957055214724,0.9619631901840491,0.8755472170106318
60,13,irregular,2,273,216,57,36,237,180,0.13186813186813187,0.16666666666666666,1.2638888888888888,0.14723926380368096
60,13,regular,3,995,1000,5,995,0,5,1.0,0.995,0.995,0.9974937343358395
60,13,semiregular,3,794,815,21,761,33,54,0.9584382871536524,0.9337423312883436,0.9742331288343559,0.9459291485394655
60,13,irregular,3,226,216,10,195,31,21,0.8628318584070797,0.9027777777777778,1.0462962962962963,0.8823529411764707
60,14,regular,1,1008,1052,44,1002,6,50,0.9940476190476191,0.9524714828897338,0.9581749049429658,0.9728155339805826
60,14,semiregular,1,878,913,35,770,108,143,0.876993166287016,0.8433734939759037,0.9616648411829135,0.8598548297040759
60,14,irregular,1,218,217,1,48,170,169,0.22018348623853212,0.22119815668202766,1.0046082949308757,0.2206896551724138
60,14,regular,2,1051,1052,1,1044,7,8,0.9933396764985728,0.9923954372623575,0.9990494296577946,0.9928673323823111
60,14,semiregular,2,965,913,52,879,86,34,0.910880829015544,0.9627601314348302,1.0569550930996714,0.9361022364217252
60,14,irregular,2,195,217,22,50,145,167,0.2564102564102564,0.2304147465437788,0.8986175115207373,0.24271844660194175
60,14,regular,3,1048,1052,4,1046,2,6,0.9980916030534351,0.9942965779467681,0.9961977186311787,0.9961904761904762
60,14,semiregular,3,796,913,117,724,72,189,0.9095477386934674,0.7929901423877328,0.8718510405257394,0.8472791105909889
60,14,irregular,3,221,217,4,194,27,23,0.8778280542986425,0.8940092165898618,1.0184331797235022,0.8858447488584476
60,15,regular,1,941,964,23,935,6,29,0.9936238044633369,0.9699170124481328,0.9761410788381742,0.9816272965879265
60,15,semiregular,1,743,774,31,661,82,113,0.8896366083445492,0.8540051679586563,0.9599483204134367,0.8714568226763348
60,15,irregular,1,250,218,32,53,197,165,0.212,0.24311926605504589,1.146788990825688,0.22649572649572652
60,15,regular,2,968,964,4,960,8,4,0.9917355371900827,0.995850622406639,1.004149377593361,0.9937888198757764
60,15,semiregular,2,752,774,22,671,81,103,0.8922872340425532,0.8669250645994832,0.9715762273901809,0.8794233289646134
60,15,irregular,2,210,218,8,46,164,172,0.21904761904761905,0.21100917431192662,0.963302752293578,0.21495327102803738
60,15,regular,3,960,964,4,959,1,5,0.9989583333333333,0.9948132780082988,0.995850622406639,0.9968814968814969
60,15,semiregular,3,740,774,34,710,30,64,0.9594594594594594,0.917312661498708,0.9560723514211886,0.9379128137384414
60,15,irregular,3,218,218,0,194,24,24,0.8899082568807339,0.8899082568807339,1.0,0.8899082568807339
60,16,regular,1,1078,1109,31,1067,11,42,0.9897959183673469,0.9621280432822362,0.9720468890892696,0.9757658893461362
60,16,semiregular,1,742,681,61,608,134,73,0.8194070080862533,0.8928046989720999,1.0895741556534508,0.854532677442024
60,16,irregular,1,234,272,38,73,161,199,0.31196581196581197,0.26838235294117646,0.8602941176470589,0.2885375494071146
60,16,regular,2,1116,1109,7,1104,12,5,0.989247311827957,0.9954914337240758,1.006311992786294,0.9923595505617978
60,16,semiregular,2,659,681,22,554,105,127,0.8406676783004552,0.8135095447870778,0.9676945668135095,0.8268656716417909
60,16,irregular,2,178,272,94,50,128,222,0.2808988764044944,0.18382352941176472,0.6544117647058824,0.22222222222222227
60,16,regular,3,1100,1109,9,1097,3,12,0.9972727272727273,0.9891794409377818,0.9918845807033363,0.9932095971027616
60,16,semiregular,3,635,681,46,589,46,92,0.9275590551181102,0.8649045521292217,0.9324522760646109,0.8951367781155015
60,16,irregular,3,253,272,19,218,35,54,0.8616600790513834,0.8014705882352942,0.9301470588235294,0.8304761904761905
60,17,regular,1,988,1029,41,985,3,44,0.9969635627530364,0.9572400388726919,0.9601554907677357,0.9766980664352999
60,17,semiregular,1,808,837,29,708,100,129,0.8762376237623762,0.8458781362007168,0.965352449223417,0.8607902735562311
60,17,irregular,1,233,240,7,50,183,190,0.2145922746781116,0.20833333333333334,0.9708333333333333,0.21141649048625794
60,17,regular,2,1034,1029,5,1026,8,3,0.9922630560928434,0.9970845481049563,1.0048590864917395,0.9946679592825981
60,17,semiregular,2,815,837,22,730,85,107,0.8957055214723927,0.8721624850657109,0.973715651135006,0.8837772397094432
60,17,irregular,2,232,240,8,53,179,187,0.22844827586206898,0.22083333333333333,0.9666666666666667,0.2245762711864407
60,17,regular,3,1025,1029,4,1024,1,5,0.9990243902439024,0.9951409135082604,0.9961127308066083,0.997078870496592
60,17,semiregular,3,816,837,21,779,37,58,0.9546568627450981,0.9307048984468339,0.974910394265233,0.942528735632184
60,17,irregular,3,247,240,7,200,47,40,0.8097165991902834,0.8333333333333334,1.0291666666666666,0.8213552361396305
60,18,regular,1,1024,1044,20,1019,5,25,0.9951171875,0.9760536398467433,0.9808429118773946,0.9854932301740812
60,18,semiregular,1,824,801,23,723,101,78,0.8774271844660194,0.9026217228464419,1.0287141073657928,0.8898461538461538
60,18,irregular,1,251,252,1,72,179,180,0.2868525896414343,0.2857142857142857,0.996031746031746,0.28628230616302186
60,18,regular,2,1060,1044,16,1042,18,2,0.9830188679245283,0.9980842911877394,1.0153256704980842,0.9904942965779467
60,18,semiregular,2,798,801,3,710,88,91,0.8897243107769424,0.8863920099875156,0.9962546816479401,0.8880550343964977
60,18,irregular,2,168,252,84,42,126,210,0.25,0.16666666666666666,0.6666666666666666,0.2
60,18,regular,3,1046,1044,2,1041,5,3,0.9952198852772467,0.9971264367816092,1.0019157088122606,0.9961722488038277
60,18,semiregular,3,780,801,21,742,38,59,0.9512820512820512,0.9263420724094882,0.9737827715355806,0.9386464263124604
60,18,irregular,3,255,252,3,217,38,35,0.8509803921568627,0.8611111111111112,1.0119047619047619,0.8560157790927021
60,19,regular,1,1049,1076,27,1045,4,31,0.996186844613918,0.9711895910780669,0.974907063197026,0.9835294117647059
60,19,semiregular,1,746,753,7,661,85,92,0.886058981233244,0.8778220451527224,0.9907038512616202,0.8819212808539026
60,19,irregular,1,186,245,59,67,119,178,0.3602150537634409,0.27346938775510204,0.7591836734693878,0.31090487238979114
60,19,regular,2,1089,1076,13,1072,17,4,0.9843893480257117,0.9962825278810409,1.012081784386617,0.9903002309468822
60,19,semiregular,2,733,753,20,647,86,106,0.8826739427012278,0.8592297476759628,0.9734395750332006,0.8707940780619111
60,19,irregular,2,221,245,24,82,139,163,0.37104072398190047,0.3346938775510204,0.9020408163265307,0.351931330472103
60,19,regular,3,1071,1076,5,1069,2,7,0.9981325863678805,0.9934944237918215,0.9953531598513011,0.9958081043316255
60,19,semiregular,3,719,753,34,684,35,69,0.9513212795549374,0.9083665338645418,0.9548472775564409,0.9293478260869565
60,19,irregular,3,250,245,5,211,39,34,0.844,0.8612244897959184,1.0204081632653061,0.8525252525252526
60,20,regular,1,1223,1251,28,1219,4,32,0.9967293540474244,0.9744204636290967,0.9776179056754596,0.9854486661277283
60,20,semiregular,1,872,841,31,736,136,105,0.8440366972477065,0.8751486325802615,1.036860879904875,0.8593111500291886
60,20,irregular,1,250,252,2,85,165,167,0.34,0.3373015873015873,0.9920634920634921,0.3386454183266933
60,20,regular,2,1253,1251,2,1244,9,7,0.9928172386272945,0.9944044764188649,1.0015987210231814,0.9936102236421724
60,20,semiregular,2,807,841,34,705,102,136,0.8736059479553904,0.8382877526753865,0.9595719381688466,0.8555825242718448
60,20,irregular,2,290,252,38,152,138,100,0.5241379310344828,0.6031746031746031,1.1507936507936507,0.5608856088560885
60,20,regular,3,1243,1251,8,1240,3,11,0.997586484312148,0.991207034372502,0.9936051159072742,0.9943865276663993
60,20,semiregular,3,813,841,28,753,60,88,0.9261992619926199,0.8953626634958383,0.9667063020214031,0.9105199516324063
60,20,irregular,3,251,252,1,224,27,28,0.8924302788844621,0.8888888888888888,0.996031746031746,0.8906560636182902
60,21,regular,1,923,920,3,917,6,3,0.9934994582881906,0.9967391304347826,1.0032608695652174,0.99511665762344
60,21,semiregular,1,705,549,156,499,206,50,0.7078014184397163,0.9089253187613844,1.284153005464481,0.79585326953748
60,21,irregular,1,217,204,13,53,164,151,0.24423963133640553,0.25980392156862747,1.0637254901960784,0.2517814726840855
60,21,regular,2,928,920,8,918,10,2,0.9892241379310345,0.9978260869565218,1.008695652173913,0.9935064935064936
60,21,semiregular,2,675,549,126,515,160,34,0.762962962962963,0.9380692167577414,1.2295081967213115,0.8415032679738562
60,21,irregular,2,228,204,24,66,162,138,0.2894736842105263,0.3235294117647059,1.1176470588235294,0.30555555555555564
60,21,regular,3,921,920,1,916,5,4,0.99457111834962,0.9956521739130435,1.001086956521739,0.9951113525258012
60,21,semiregular,3,529,549,20,417,112,132,0.7882797731568998,0.7595628415300546,0.9635701275045537,0.7736549165120593
60,21,irregular,3,205,204,1,180,25,24,0.8780487804878049,0.8823529411764706,1.0049019607843137,0.880195599022005
60,22,regular,1,949,946,3,929,20,17,0.9789251844046365,0.9820295983086681,1.0031712473572938,0.9804749340369394
60,22,semiregular,1,753,703,50,623,130,80,0.8273572377158035,0.8862019914651493,1.0711237553342816,0.8557692307692307
60,22,irregular,1,229,247,18,69,160,178,0.30131004366812225,0.2793522267206478,0.9271255060728745,0.2899159663865546
60,22,regular,2,956,946,10,945,11,1,0.9884937238493724,0.9989429175475687,1.0105708245243128,0.9936908517350158
60,22,semiregular,2,730,703,27,608,122,95,0.8328767123287671,0.8648648648648649,1.038406827880512,0.848569434752268
60,22,irregular,2,217,247,30,49,168,198,0.22580645161290322,0.19838056680161945,0.8785425101214575,0.21120689655172414
60,22,regular,3,931,946,15,918,13,28,0.9860365198711063,0.9704016913319239,0.9841437632135307,0.9781566329248801
60,22,semiregular,3,676,703,27,632,44,71,0.9349112426035503,0.89900426742532,0.9615931721194879,0.9166062364031907
60,22,irregular,3,245,247,2,201,44,46,0.8204081632653061,0.8137651821862348,0.9919028340080972,0.8170731707317074
60,23,regular,1,981,999,18,974,7,25,0.9928644240570846,0.974974974974975,0.9819819819819819,0.983838383838384
60,23,semiregular,1,820,835,15,702,118,133,0.8560975609756097,0.8407185628742515,0.9820359281437125,0.8483383685800605
60,23,irregular,1,312,266,46,65,247,201,0.20833333333333334,0.24436090225563908,1.1729323308270676,0.22491349480968859
60,23,regular,2,1023,999,24,998,25,1,0.9755620723362659,0.998998998998999,1.024024024024024,0.987141444114738
60,23,semiregular,2,850,835,15,759,91,76,0.8929411764705882,0.9089820359281438,1.0179640718562875,0.9008902077151336
60,23,irregular,2,294,266,28,47,247,219,0.1598639455782313,0.17669172932330826,1.105263157894737,0.16785714285714284
60,23,regular,3,985,999,14,977,8,22,0.9918781725888325,0.977977977977978,0.985985985985986,0.9848790322580645
60,23,semiregular,3,806,835,29,757,49,78,0.9392059553349876,0.9065868263473054,0.9652694610778443,0.9226081657525899
60,23,irregular,3,282,266,16,222,60,44,0.7872340425531915,0.8345864661654135,1.0601503759398496,0.8102189781021898
60,24,regular,1,1057,1079,22,1048,9,31,0.9914853358561968,0.9712696941612604,0.9796107506950881,0.9812734082397003
60,24,semiregular,1,593,680,87,535,58,145,0.9021922428330523,0.7867647058823529,0.8720588235294118,0.8405341712490181
60,24,irregular,1,316,247,69,62,254,185,0.1962025316455696,0.25101214574898784,1.2793522267206479,0.2202486678507993
60,24,regular,2,1073,1079,6,1063,10,16,0.9906803355079217,0.9851714550509731,0.9944392956441149,0.9879182156133829
60,24,semiregular,2,667,680,13,594,73,86,0.8905547226386806,0.8735294117647059,0.9808823529411764,0.8819599109131402
60,24,irregular,2,226,247,21,35,191,212,0.15486725663716813,0.1417004048582996,0.9149797570850202,0.14799154334038053
60,24,regular,3,1080,1079,1,1076,4,3,0.9962962962962963,0.9972196478220574,1.0009267840593141,0.9967577582213989
60,24,semiregular,3,655,680,25,627,28,53,0.9572519083969465,0.9220588235294118,0.9632352941176471,0.9393258426966291
60,24,irregular,3,236,247,11,221,15,26,0.9364406779661016,0.8947368421052632,0.9554655870445344,0.9151138716356106
60,25,regular,1,914,946,32,909,5,37,0.9945295404814004,0.9608879492600423,0.9661733615221987,0.9774193548387097
60,25,semiregular,1,726,718,8,589,137,129,0.8112947658402204,0.8203342618384402,1.011142061281337,0.8157894736842106
60,25,irregular,1,424,207,217,49,375,158,0.11556603773584906,0.23671497584541062,2.0483091787439616,0.15530903328050713
60,25,regular,2,940,946,6,933,7,13,0.9925531914893617,0.9862579281183932,0.9936575052854123,0.9893955461293743
60,25,semiregular,2,740,718,22,614,126,104,0.8297297297297297,0.8551532033426184,1.0306406685236769,0.8422496570644719
60,25,irregular,2,900,207,693,125,775,82,0.1388888888888889,0.6038647342995169,4.3478260869565215,0.22583559168925027
60,25,regular,3,912,946,34,908,4,38,0.9956140350877193,0.959830866807611,0.9640591966173362,0.9773950484391819
60,25,semiregular,3,681,718,37,625,56,93,0.9177679882525698,0.8704735376044568,0.9484679665738162,0.89349535382416
60,25,irregular,3,240,207,33,145,95,62,0.6041666666666666,0.7004830917874396,1.1594202898550725,0.6487695749440716
60,26,regular,1,1087,985,102,975,112,10,0.8969641214351426,0.9898477157360406,1.1035532994923858,0.9411196911196911
60,26,semiregular,1,792,720,72,633,159,87,0.7992424242424242,0.8791666666666667,1.1,0.8373015873015872
60,26,irregular,1,257,214,43,52,205,162,0.20233463035019456,0.24299065420560748,1.2009345794392523,0.2208067940552017
60,26,regular,2,757,985,228,752,5,233,0.9933949801849405,0.7634517766497462,0.7685279187817259,0.8633754305396096
60,26,semiregular,2,568,720,152,492,76,228,0.8661971830985915,0.6833333333333333,0.7888888888888889,0.763975155279503
60,26,irregular,2,470,214,256,88,382,126,0.18723404255319148,0.411214953271028,2.196261682242991,0.2573099415204678
60,26,regular,3,1078,985,93,984,94,1,0.9128014842300557,0.9989847715736041,1.0944162436548224,0.9539505574406205
60,26,semiregular,3,778,720,58,668,110,52,0.8586118251928021,0.9277777777777778,1.0805555555555555,0.8918558077436582
60,26,irregular,3,288,214,74,182,106,32,0.6319444444444444,0.8504672897196262,1.3457943925233644,0.7250996015936255
60,27,regular,1,1086,1166,80,1080,6,86,0.994475138121547,0.9262435677530018,0.9313893653516295,0.9591474245115452
60,27,semiregular,1,746,728,18,606,140,122,0.8123324396782842,0.8324175824175825,1.0247252747252746,0.8222523744911805
60,27,irregular,1,419,270,149,73,346,197,0.17422434367541767,0.27037037037037037,1.5518518518518518,0.2119013062409289
60,27,regular,2,1154,1166,12,1146,8,20,0.9930675909878682,0.9828473413379074,0.9897084048027445,0.9879310344827585
60,27,semiregular,2,720,728,8,602,118,126,0.8361111111111111,0.8269230769230769,0.989010989010989,0.8314917127071824
60,27,irregular,2,289,270,19,45,244,225,0.15570934256055363,0.16666666666666666,1.0703703703703704,0.16100178890876563
60,27,regular,3,1120,1166,46,1119,1,47,0.9991071428571429,0.9596912521440824,0.9605488850771869,0.979002624671916
60,27,semiregular,3,675,728,53,636,39,92,0.9422222222222222,0.8736263736263736,0.9271978021978022,0.9066286528866714
60,27,irregular,3,253,270,17,222,31,48,0.8774703557312253,0.8222222222222222,0.937037037037037,0.8489483747609943
60,28,regular,1,1032,1098,66,1017,15,81,0.9854651162790697,0.9262295081967213,0.9398907103825137,0.9549295774647888
60,28,semiregular,1,825,859,34,686,139,173,0.8315151515151515,0.7986030267753201,0.9604190919674039,0.8147268408551069
60,28,irregular,1,525,293,232,76,449,217,0.14476190476190476,0.2593856655290102,1.7918088737201365,0.18581907090464547
60,28,regular,2,1079,1098,19,1062,17,36,0.9842446709916589,0.9672131147540983,0.982695810564663,0.9756545705098758
60,28,semiregular,2,832,859,27,708,124,151,0.8509615384615384,0.8242142025611175,0.9685681024447031,0.8373743347131873
60,28,irregular,2,926,293,633,131,795,162,0.14146868250539957,0.447098976109215,3.160409556313993,0.21493027071369974
60,28,regular,3,1046,1098,52,1037,9,61,0.9913957934990439,0.9444444444444444,0.9526411657559198,0.9673507462686567
60,28,semiregular,3,855,859,4,784,71,75,0.9169590643274854,0.9126891734575088,0.9953434225844005,0.9148191365227538
60,28,irregular,3,274,293,19,162,112,131,0.5912408759124088,0.552901023890785,0.9351535836177475,0.5714285714285714
60,29,regular,1,1132,1140,8,1123,9,17,0.9920494699646644,0.9850877192982456,0.9929824561403509,0.988556338028169
60,29,semiregular,1,953,869,84,757,196,112,0.7943336831059811,0.8711162255466053,1.0966628308400461,0.8309549945115258
60,29,irregular,1,278,247,31,53,225,194,0.1906474820143885,0.2145748987854251,1.125506072874494,0.20190476190476192
60,29,regular,2,1145,1140,5,1134,11,6,0.9903930131004367,0.9947368421052631,1.0043859649122806,0.9925601750547046
60,29,semiregular,2,952,869,83,794,158,75,0.8340336134453782,0.9136939010356732,1.095512082853855,0.8720483250961011
60,29,irregular,2,223,247,24,33,190,214,0.14798206278026907,0.13360323886639677,0.902834008097166,0.14042553191489363
60,29,regular,3,939,1140,201,937,2,203,0.9978700745473909,0.8219298245614035,0.8236842105263158,0.9013949013949014
60,29,semiregular,3,879,869,10,711,168,158,0.8088737201365188,0.8181818181818182,1.0115074798619101,0.8135011441647598
60,29,irregular,3,261,247,14,216,45,31,0.8275862068965517,0.8744939271255061,1.05668016194332,0.8503937007874015
60,30,regular,1,993,997,4,982,11,15,0.9889224572004028,0.9849548645937813,0.995987963891675,0.9869346733668343
60,30,semiregular,1,770,810,40,662,108,148,0.8597402597402597,0.817283950617284,0.9506172839506173,0.8379746835443038
60,30,irregular,1,487,250,237,53,434,197,0.10882956878850103,0.212,1.948,0.14382632293080055
60,30,regular,2,1008,997,11,989,19,8,0.9811507936507936,0.9919759277833501,1.0110330992978938,0.9865336658354115
60,30,semiregular,2,746,810,64,656,90,154,0.8793565683646113,0.8098765432098766,0.9209876543209876,0.8431876606683806
60,30,irregular,2,435,250,185,48,387,202,0.1103448275862069,0.192,1.74,0.14014598540145987
60,30,regular,3,995,997,2,993,2,4,0.9979899497487437,0.995987963891675,0.9979939819458375,0.9969879518072289
60,30,semiregular,3,766,810,44,719,47,91,0.9386422976501305,0.8876543209876543,0.945679012345679,0.9124365482233502
60,30,irregular,3,265,250,15,213,52,37,0.8037735849056604,0.852,1.06,0.8271844660194175
75,1,regular,1,965,937,28,925,40,12,0.9585492227979274,0.9871931696905016,1.0298826040554963,0.9726603575184017
75,1,semiregular,1,781,703,78,624,157,79,0.7989756722151088,0.887624466571835,1.1109530583214793,0.8409703504043126
75,1,irregular,1,150,199,49,60,90,139,0.4,0.3015075376884422,0.7537688442211056,0.3438395415472779
75,1,regular,2,953,937,16,929,24,8,0.974816369359916,0.991462113127001,1.017075773745998,0.983068783068783
75,1,semiregular,2,689,703,14,578,111,125,0.8388969521044993,0.8221906116642959,0.9800853485064012,0.8304597701149425
75,1,irregular,2,200,199,1,87,113,112,0.435,0.4371859296482412,1.0050251256281406,0.43609022556390975
75,1,regular,3,936,937,1,931,5,6,0.9946581196581197,0.9935965848452508,0.9989327641408752,0.994127068873465
75,1,semiregular,3,714,703,11,635,79,68,0.8893557422969187,0.903271692745377,1.0156472261735419,0.8962597035991532
75,1,irregular,3,194,199,5,168,26,31,0.865979381443299,0.8442211055276382,0.9748743718592965,0.8549618320610686
75,2,regular,1,1198,1224,26,1185,13,39,0.9891485809682805,0.9681372549019608,0.9787581699346405,0.9785301403798514
75,2,semiregular,1,607,647,40,560,47,87,0.9225700164744646,0.865533230293663,0.9381761978361669,0.8931419457735246
75,2,irregular,1,179,217,38,57,122,160,0.31843575418994413,0.2626728110599078,0.8248847926267281,0.28787878787878785
75,2,regular,2,1250,1224,26,1224,26,0,0.9792,1.0,1.0212418300653594,0.9894907033144704
75,2,semiregular,2,636,647,11,588,48,59,0.9245283018867925,0.9088098918083463,0.9829984544049459,0.916601714731099
75,2,irregular,2,314,217,97,149,165,68,0.4745222929936306,0.6866359447004609,1.4470046082949308,0.5612052730696799
75,2,regular,3,1221,1224,3,1209,12,15,0.9901719901719902,0.9877450980392157,0.9975490196078431,0.9889570552147239
75,2,semiregular,3,612,647,35,572,40,75,0.934640522875817,0.884080370942813,0.9459041731066461,0.9086576648133439
75,2,irregular,3,136,217,81,98,38,119,0.7205882352941176,0.45161290322580644,0.6267281105990783,0.5552407932011332
75,3,regular,1,1029,1053,24,1023,6,30,0.9941690962099126,0.9715099715099715,0.9772079772079773,0.9827089337175793
75,3,semiregular,1,671,716,45,584,87,132,0.8703427719821163,0.8156424581005587,0.9371508379888268,0.8421052631578948
75,3,irregular,1,186,224,38,66,120,158,0.3548387096774194,0.29464285714285715,0.8303571428571429,0.3219512195121952
75,3,regular,2,1057,1053,4,1048,9,5,0.9914853358561968,0.9952516619183286,1.0037986704653372,0.9933649289099528
75,3,semiregular,2,692,716,24,619,73,97,0.8945086705202312,0.8645251396648045,0.9664804469273743,0.8792613636363638
75,3,irregular,2,199,224,25,84,115,140,0.4221105527638191,0.375,0.8883928571428571,0.39716312056737585
75,3,regular,3,1049,1053,4,1046,3,7,0.9971401334604385,0.99335232668566,0.9962013295346629,0.9952426260704091
75,3,semiregular,3,715,716,1,669,46,47,0.9356643356643357,0.9343575418994413,0.9986033519553073,0.9350104821802934
75,3,irregular,3,225,224,1,190,35,34,0.8444444444444444,0.8482142857142857,1.0044642857142858,0.846325167037862
75,4,regular,1,1058,1101,43,1051,7,50,0.9933837429111532,0.9545867393278837,0.96094459582198,0.9735988883742475
75,4,semiregular,1,666,614,52,546,120,68,0.8198198198198198,0.8892508143322475,1.0846905537459284,0.8531249999999999
75,4,irregular,1,185,228,43,55,130,173,0.2972972972972973,0.2412280701754386,0.8114035087719298,0.2663438256658595
75,4,regular,2,1123,1101,22,1099,24,2,0.9786286731967943,0.9981834695731153,1.0199818346957312,0.9883093525179857
75,4,semiregular,2,606,614,8,506,100,108,0.834983498349835,0.8241042345276873,0.9869706840390879,0.8295081967213116
75,4,irregular,2,261,228,33,91,170,137,0.3486590038314176,0.3991228070175439,1.144736842105263,0.3721881390593047
75,4,regular,3,1107,1101,6,1101,6,0,0.994579945799458,1.0,1.005449591280654,0.9972826086956521
75,4,semiregular,3,647,614,33,567,80,47,0.8763523956723338,0.9234527687296417,1.0537459283387622,0.8992862807295797
75,4,irregular,3,241,228,13,192,49,36,0.7966804979253111,0.8421052631578947,1.0570175438596492,0.8187633262260129
75,5,regular,1,1040,1044,4,1032,8,12,0.9923076923076923,0.9885057471264368,0.9961685823754789,0.9904030710172745
75,5,semiregular,1,733,668,65,582,151,86,0.7939972714870396,0.8712574850299402,1.097305389221557,0.8308351177730193
75,5,irregular,1,231,217,14,61,170,156,0.26406926406926406,0.28110599078341014,1.064516129032258,0.27232142857142855
75,5,regular,2,1048,1044,4,1041,7,3,0.9933206106870229,0.9971264367816092,1.003831417624521,0.9952198852772466
75,5,semiregular,2,690,668,22,566,124,102,0.8202898550724638,0.8473053892215568,1.032934131736527,0.833578792341679
75,5,irregular,2,199,217,18,56,143,161,0.2814070351758794,0.25806451612903225,0.9170506912442397,0.2692307692307692
75,5,regular,3,1042,1044,2,1041,1,3,0.9990403071017274,0.9971264367816092,0.9980842911877394,0.9980824544582934
75,5,semiregular,3,667,668,1,610,57,58,0.9145427286356822,0.9131736526946108,0.9985029940119761,0.9138576779026218
75,5,irregular,3,222,217,5,180,42,37,0.8108108108108109,0.8294930875576036,1.023041474654378,0.8200455580865603
75,6,regular,1,903,915,12,891,12,24,0.9867109634551495,0.9737704918032787,0.9868852459016394,0.9801980198019802
75,6,semiregular,1,702,701,1,610,92,91,0.8689458689458689,0.8701854493580599,1.0014265335235377,0.8695652173913042
75,6,irregular,1,229,195,34,48,181,147,0.2096069868995633,0.24615384615384617,1.1743589743589744,0.22641509433962262
75,6,regular,2,911,915,4,901,10,14,0.9890230515916575,0.9846994535519126,0.9956284153005465,0.9868565169769989
75,6,semiregular,2,675,701,26,603,72,98,0.8933333333333333,0.8601997146932953,0.9629101283880172,0.876453488372093
75,6,irregular,2,234,195,39,70,164,125,0.29914529914529914,0.358974358974359,1.2,0.32634032634032634
75,6,regular,3,924,915,9,912,12,3,0.987012987012987,0.9967213114754099,1.0098360655737706,0.9918433931484504
75,6,semiregular,3,720,701,19,661,59,40,0.9180555555555555,0.9429386590584878,1.0271041369472182,0.9303307529908516
75,6,irregular,3,196,195,1,164,32,31,0.8367346938775511,0.841025641025641,1.005128205128205,0.8388746803069054
75,7,regular,1,1216,1230,14,1213,3,17,0.9975328947368421,0.9861788617886179,0.9886178861788618,0.991823385118561
75,7,semiregular,1,745,761,16,625,120,136,0.8389261744966443,0.8212877792378449,0.9789750328515112,0.8300132802124833
75,7,irregular,1,253,225,28,50,203,175,0.1976284584980237,0.2222222222222222,1.1244444444444444,0.2092050209205021
75,7,regular,2,1238,1230,8,1221,17,9,0.9862681744749596,0.9926829268292683,1.0065040650406505,0.9894651539708265
75,7,semiregular,2,752,761,9,632,120,129,0.8404255319148937,0.8304862023653088,0.988173455978975,0.8354263053536021
75,7,irregular,2,262,225,37,55,207,170,0.2099236641221374,0.24444444444444444,1.1644444444444444,0.22587268993839835
75,7,regular,3,1228,1230,2,1222,6,8,0.995114006514658,0.9934959349593496,0.9983739837398374,0.9943043124491457
75,7,semiregular,3,745,761,16,671,74,90,0.9006711409395973,0.8817345597897503,0.9789750328515112,0.8911022576361222
75,7,irregular,3,224,225,1,194,30,31,0.8660714285714286,0.8622222222222222,0.9955555555555555,0.8641425389755012
75,8,regular,1,1022,1035,13,1009,13,26,0.987279843444227,0.9748792270531401,0.9874396135265701,0.9810403500243072
75,8,semiregular,1,819,827,8,729,90,98,0.8901098901098901,0.8814993954050786,0.9903264812575574,0.8857837181044957
75,8,irregular,1,298,243,55,63,235,180,0.21140939597315436,0.25925925925925924,1.2263374485596708,0.23290203327171902
75,8,regular,2,1039,1035,4,1025,14,10,0.9865255052935515,0.9903381642512077,1.0038647342995168,0.9884281581485054
75,8,semiregular,2,831,827,4,731,100,96,0.8796630565583634,0.8839177750906893,1.0048367593712213,0.881785283474065
75,8,irregular,2,326,243,83,62,264,181,0.1901840490797546,0.2551440329218107,1.3415637860082306,0.21792618629173993
75,8,regular,3,1038,1035,3,1032,6,3,0.9942196531791907,0.9971014492753624,1.0028985507246377,0.9956584659913169
75,8,semiregular,3,821,827,6,772,49,55,0.9403166869671132,0.9334945586457074,0.992744860943168,0.9368932038834951
75,8,irregular,3,245,243,2,196,49,47,0.8,0.8065843621399177,1.008230452674897,0.8032786885245901
75,9,regular,1,1103,1107,4,1091,12,16,0.9891205802357208,0.985546522131888,0.996386630532972,0.9873303167420815
75,9,semiregular,1,673,701,28,619,54,82,0.9197622585438335,0.8830242510699001,0.9600570613409415,0.9010189228529839
75,9,irregular,1,217,266,49,53,164,213,0.24423963133640553,0.19924812030075187,0.8157894736842105,0.2194616977225673
75,9,regular,2,1105,1107,2,1096,9,11,0.9918552036199095,0.990063233965673,0.998193315266486,0.9909584086799277
75,9,semiregular,2,636,701,65,592,44,109,0.9308176100628931,0.8445078459343794,0.9072753209700428,0.8855646970830217
75,9,irregular,2,236,266,30,50,186,216,0.211864406779661,0.18796992481203006,0.8872180451127819,0.199203187250996
75,9,regular,3,1105,1107,2,1101,4,6,0.9963800904977376,0.994579945799458,0.998193315266486,0.9954792043399638
75,9,semiregular,3,691,701,10,664,27,37,0.9609261939218524,0.9472182596291013,0.985734664764622,0.9540229885057471
75,9,irregular,3,261,266,5,224,37,42,0.8582375478927203,0.8421052631578947,0.981203007518797,0.8500948766603416
75,10,regular,1,1022,1014,8,1005,17,9,0.9833659491193738,0.9911242603550295,1.0078895463510849,0.987229862475442
75,10,semiregular,1,676,656,20,596,80,60,0.8816568047337278,0.9085365853658537,1.0304878048780488,0.8948948948948948
75,10,irregular,1,218,247,29,70,148,177,0.3211009174311927,0.2834008097165992,0.8825910931174089,0.30107526881720426
75,10,regular,2,1026,1014,12,1003,23,11,0.9775828460038987,0.9891518737672583,1.0118343195266273,0.9833333333333333
75,10,semiregular,2,628,656,28,565,63,91,0.8996815286624203,0.8612804878048781,0.9573170731707317,0.8800623052959502
75,10,irregular,2,196,247,51,47,149,200,0.23979591836734693,0.1902834008097166,0.7935222672064778,0.21218961625282165
75,10,regular,3,1022,1014,8,1010,12,4,0.9882583170254403,0.9960552268244576,1.0078895463510849,0.9921414538310412
75,10,semiregular,3,650,656,6,614,36,42,0.9446153846153846,0.9359756097560976,0.9908536585365854,0.9402756508422665
75,10,irregular,3,248,247,1,212,36,35,0.8548387096774194,0.8582995951417004,1.0040485829959513,0.8565656565656566
75,11,regular,1,1036,1070,34,1032,4,38,0.9961389961389961,0.9644859813084112,0.9682242990654205,0.98005698005698
75,11,semiregular,1,714,700,14,611,103,89,0.8557422969187675,0.8728571428571429,1.02,0.8642149929278643
75,11,irregular,1,221,239,18,71,150,168,0.3212669683257919,0.29707112970711297,0.9246861924686193,0.30869565217391304
75,11,regular,2,1072,1070,2,1064,8,6,0.9925373134328358,0.994392523364486,1.0018691588785047,0.9934640522875817
75,11,semiregular,2,705,700,5,604,101,96,0.8567375886524823,0.8628571428571429,1.0071428571428571,0.8597864768683274
75,11,irregular,2,203,239,36,55,148,184,0.270935960591133,0.2301255230125523,0.8493723849372385,0.248868778280543
75,11,regular,3,1068,1070,2,1066,2,4,0.99812734082397,0.9962616822429906,0.9981308411214953,0.9971936389148736
75,11,semiregular,3,691,700,9,632,59,68,0.914616497829233,0.9028571428571428,0.9871428571428571,0.9086987778576563
75,11,irregular,3,229,239,10,194,35,45,0.8471615720524017,0.8117154811715481,0.9581589958158996,0.8290598290598291
75,12,regular,1,991,1007,16,983,8,24,0.9919273461150353,0.9761668321747765,0.9841112214498511,0.9839839839839839
75,12,semiregular,1,684,641,43,554,130,87,0.8099415204678363,0.8642745709828393,1.0670826833073324,0.8362264150943396
75,12,irregular,1,213,204,9,53,160,151,0.24882629107981222,0.25980392156862747,1.0441176470588236,0.25419664268585135
75,12,regular,2,1006,1007,1,1001,5,6,0.9950298210735586,0.9940417080436942,0.9990069513406157,0.9945355191256832
75,12,semiregular,2,615,641,26,504,111,137,0.8195121951219512,0.7862714508580343,0.9594383775351014,0.8025477707006369
75,12,irregular,2,217,204,13,42,175,162,0.1935483870967742,0.20588235294117646,1.0637254901960784,0.1995249406175772
75,12,regular,3,1016,1007,9,1005,11,2,0.9891732283464567,0.9980139026812314,1.008937437934459,0.9935739001482946
75,12,semiregular,3,658,641,17,578,80,63,0.878419452887538,0.9017160686427457,1.0265210608424338,0.8899153194765204
75,12,irregular,3,219,204,15,176,43,28,0.8036529680365296,0.8627450980392157,1.0735294117647058,0.8321513002364066
75,13,regular,1,1000,1000,0,993,7,7,0.993,0.993,1.0,0.993
75,13,semiregular,1,840,815,25,740,100,75,0.8809523809523809,0.9079754601226994,1.030674846625767,0.8942598187311178
75,13,irregular,1,301,216,85,53,248,163,0.1760797342192691,0.24537037037037038,1.3935185185185186,0.20502901353965183
75,13,regular,2,1005,1000,5,993,12,7,0.9880597014925373,0.993,1.005,0.9905236907730673
75,13,semiregular,2,767,815,48,700,67,115,0.9126466753585397,0.8588957055214724,0.9411042944785276,0.8849557522123893
75,13,irregular,2,281,216,65,35,246,181,0.12455516014234876,0.16203703703703703,1.3009259259259258,0.14084507042253522
75,13,regular,3,997,1000,3,993,4,7,0.995987963891675,0.993,0.997,0.9944917376064095
75,13,semiregular,3,814,815,1,773,41,42,0.9496314496314496,0.9484662576687116,0.9987730061349693,0.949048496009822
75,13,irregular,3,224,216,8,187,37,29,0.8348214285714286,0.8657407407407407,1.037037037037037,0.85
75,14,regular,1,1030,1052,22,1024,6,28,0.9941747572815534,0.973384030418251,0.9790874524714829,0.983669548511047
75,14,semiregular,1,881,913,32,779,102,134,0.8842224744608399,0.8532311062431545,0.9649507119386638,0.8684503901895206
75,14,irregular,1,217,217,0,51,166,166,0.2350230414746544,0.2350230414746544,1.0,0.2350230414746544
75,14,regular,2,1063,1052,11,1048,15,4,0.9858889934148636,0.9961977186311787,1.0104562737642586,0.9910165484633569
75,14,semiregular,2,934,913,21,846,88,67,0.9057815845824411,0.9266155531215772,1.023001095290252,0.916080129940444
75,14,irregular,2,217,217,0,52,165,165,0.23963133640552994,0.23963133640552994,1.0,0.23963133640552994
75,14,regular,3,1046,1052,6,1045,1,7,0.9990439770554493,0.9933460076045627,0.9942965779467681,0.996186844613918
75,14,semiregular,3,825,913,88,748,77,165,0.9066666666666666,0.8192771084337349,0.9036144578313253,0.8607594936708859
75,14,irregular,3,218,217,1,185,33,32,0.8486238532110092,0.8525345622119815,1.0046082949308757,0.8505747126436782
75,15,regular,1,953,964,11,946,7,18,0.9926547743966422,0.9813278008298755,0.9885892116182573,0.9869587897756912
75,15,semiregular,1,744,774,30,662,82,112,0.8897849462365591,0.8552971576227391,0.9612403100775194,0.8722002635046113
75,15,irregular,1,242,218,24,51,191,167,0.21074380165289255,0.23394495412844038,1.110091743119266,0.22173913043478263
75,15,regular,2,966,964,2,959,7,5,0.9927536231884058,0.9948132780082988,1.0020746887966805,0.993782383419689
75,15,semiregular,2,755,774,19,685,70,89,0.9072847682119205,0.8850129198966409,0.975452196382429,0.8960104643557881
75,15,irregular,2,213,218,5,52,161,166,0.24413145539906103,0.23853211009174313,0.9770642201834863,0.24129930394431556
75,15,regular,3,964,964,0,961,3,3,0.9968879668049793,0.9968879668049793,1.0,0.9968879668049793
75,15,semiregular,3,754,774,20,723,31,51,0.9588859416445623,0.9341085271317829,0.9741602067183462,0.9463350785340314
75,15,irregular,3,221,218,3,190,31,28,0.8597285067873304,0.8715596330275229,1.0137614678899083,0.8656036446469249
75,16,regular,1,1089,1109,20,1084,5,25,0.9954086317722681,0.9774571686203787,0.981965734896303,0.9863512283894449
75,16,semiregular,1,662,681,19,562,100,119,0.8489425981873112,0.8252569750367107,0.9720998531571219,0.8369322412509309
75,16,irregular,1,269,272,3,68,201,204,0.2527881040892193,0.25,0.9889705882352942,0.2513863216266174
75,16,regular,2,1117,1109,8,1104,13,5,0.9883616830796778,0.9954914337240758,1.0072137060414788,0.9919137466307277
75,16,semiregular,2,673,681,8,577,96,104,0.8573551263001485,0.8472834067547724,0.9882525697503671,0.8522895125553914
75,16,irregular,2,174,272,98,52,122,220,0.2988505747126437,0.19117647058823528,0.6397058823529411,0.23318385650224213
75,16,regular,3,1108,1109,1,1105,3,4,0.9972924187725631,0.9963931469792606,0.9990982867448152,0.9968425800631484
75,16,semiregular,3,653,681,28,607,46,74,0.9295558958652373,0.8913362701908958,0.9588839941262849,0.9100449775112445
75,16,irregular,3,255,272,17,215,40,57,0.8431372549019608,0.7904411764705882,0.9375,0.8159392789373815
75,17,regular,1,1017,1029,12,1011,6,18,0.9941002949852508,0.9825072886297376,0.9883381924198251,0.9882697947214076
75,17,semiregular,1,763,837,74,679,84,158,0.8899082568807339,0.8112305854241338,0.9115890083632019,0.84875
75,17,irregular,1,281,240,41,60,221,180,0.21352313167259787,0.25,1.1708333333333334,0.23032629558541268
75,17,regular,2,1026,1029,3,1020,6,9,0.9941520467836257,0.9912536443148688,0.9970845481049563,0.9927007299270073
75,17,semiregular,2,808,837,29,732,76,105,0.905940594059406,0.8745519713261649,0.965352449223417,0.8899696048632219
75,17,irregular,2,254,240,14,58,196,182,0.2283464566929134,0.24166666666666667,1.0583333333333333,0.23481781376518218
75,17,regular,3,1029,1029,0,1026,3,3,0.9970845481049563,0.9970845481049563,1.0,0.9970845481049563
75,17,semiregular,3,826,837,11,783,43,54,0.9479418886198547,0.9354838709677419,0.986857825567503,0.94167167769092
75,17,irregular,3,254,240,14,197,57,43,0.7755905511811023,0.8208333333333333,1.0583333333333333,0.7975708502024291
75,18,regular,1,1047,1044,3,1034,13,10,0.9875835721107927,0.9904214559386973,1.0028735632183907,0.9890004782400765
75,18,semiregular,1,772,801,29,689,83,112,0.8924870466321243,0.8601747815230961,0.9637952559300874,0.8760330578512396
75,18,irregular,1,265,252,13,71,194,181,0.2679245283018868,0.28174603174603174,1.0515873015873016,0.27466150870406186
75,18,regular,2,1055,1044,11,1041,14,3,0.9867298578199052,0.9971264367816092,1.010536398467433,0.991900905192949
75,18,semiregular,2,799,801,2,718,81,83,0.8986232790988736,0.8963795255930087,0.9975031210986267,0.8975
75,18,irregular,2,170,252,82,53,117,199,0.31176470588235294,0.21031746031746032,0.6746031746031746,0.25118483412322273
75,18,regular,3,1044,1044,0,1040,4,4,0.9961685823754789,0.9961685823754789,1.0,0.9961685823754789
75,18,semiregular,3,796,801,5,755,41,46,0.9484924623115578,0.9425717852684145,0.9937578027465668,0.9455228553537884
75,18,irregular,3,247,252,5,211,36,41,0.854251012145749,0.8373015873015873,0.9801587301587301,0.845691382765531
75,19,regular,1,1089,1076,13,1071,18,5,0.9834710743801653,0.9953531598513011,1.012081784386617,0.9893764434180138
75,19,semiregular,1,777,753,24,685,92,68,0.8815958815958816,0.9096945551128818,1.0318725099601593,0.8954248366013072
75,19,irregular,1,183,245,62,71,112,174,0.3879781420765027,0.2897959183673469,0.746938775510204,0.3317757009345795
75,19,regular,2,1085,1076,9,1072,13,4,0.9880184331797235,0.9962825278810409,1.008364312267658,0.992133271633503
75,19,semiregular,2,687,753,66,617,70,136,0.8981077147016011,0.8193891102257637,0.9123505976095617,0.8569444444444445
75,19,irregular,2,222,245,23,95,127,150,0.42792792792792794,0.3877551020408163,0.9061224489795918,0.40685224839400425
75,19,regular,3,1080,1076,4,1073,7,3,0.9935185185185185,0.9972118959107806,1.003717472118959,0.9953617810760668
75,19,semiregular,3,740,753,13,700,40,53,0.9459459459459459,0.9296148738379814,0.9827357237715804,0.9377093101138647
75,19,irregular,3,243,245,2,196,47,49,0.8065843621399177,0.8,0.9918367346938776,0.8032786885245901
75,20,regular,1,1243,1251,8,1231,12,20,0.9903459372485921,0.9840127897681854,0.9936051159072742,0.987169206094627
75,20,semiregular,1,884,841,43,760,124,81,0.8597285067873304,0.9036860879904876,1.051129607609988,0.8811594202898552
75,20,irregular,1,211,252,41,80,131,172,0.3791469194312796,0.31746031746031744,0.8373015873015873,0.3455723542116631
75,20,regular,2,1249,1251,2,1244,5,7,0.9959967974379503,0.9944044764188649,0.9984012789768185,0.9951999999999999
75,20,semiregular,2,801,841,40,713,88,128,0.8901373283395755,0.8478002378121284,0.9524375743162902,0.8684531059683314
75,20,irregular,2,298,252,46,159,139,93,0.5335570469798657,0.6309523809523809,1.1825396825396826,0.5781818181818181
75,20,regular,3,1243,1251,8,1240,3,11,0.997586484312148,0.991207034372502,0.9936051159072742,0.9943865276663993
75,20,semiregular,3,834,841,7,762,72,79,0.9136690647482014,0.906064209274673,0.9916765755053508,0.9098507462686567
75,20,irregular,3,261,252,9,213,48,39,0.8160919540229885,0.8452380952380952,1.0357142857142858,0.8304093567251463
75,21,regular,1,907,920,13,901,6,19,0.9933847850055126,0.9793478260869565,0.9858695652173913,0.9863163656267104
75,21,semiregular,1,660,549,111,475,185,74,0.7196969696969697,0.8652094717668488,1.2021857923497268,0.7857733664185277
75,21,irregular,1,219,204,15,53,166,151,0.2420091324200913,0.25980392156862747,1.0735294117647058,0.2505910165484634
75,21,regular,2,939,920,19,920,19,0,0.979765708200213,1.0,1.0206521739130434,0.9897794513179128
75,21,semiregular,2,653,549,104,498,155,51,0.7626339969372129,0.907103825136612,1.1894353369763206,0.8286189683860232
75,21,irregular,2,232,204,28,84,148,120,0.3620689655172414,0.4117647058823529,1.1372549019607843,0.38532110091743116
75,21,regular,3,921,920,1,913,8,7,0.991313789359392,0.9923913043478261,1.001086956521739,0.9918522542096686
75,21,semiregular,3,528,549,21,432,96,117,0.8181818181818182,0.7868852459016393,0.9617486338797814,0.8022284122562674
75,21,irregular,3,204,204,0,178,26,26,0.8725490196078431,0.8725490196078431,1.0,0.8725490196078431
75,22,regular,1,952,946,6,932,20,14,0.9789915966386554,0.985200845665962,1.0063424947145878,0.982086406743941
75,22,semiregular,1,728,703,25,612,116,91,0.8406593406593407,0.8705547652916074,1.035561877667141,0.8553459119496856
75,22,irregular,1,222,247,25,67,155,180,0.30180180180180183,0.27125506072874495,0.8987854251012146,0.28571428571428575
75,22,regular,2,971,946,25,946,25,0,0.9742533470648815,1.0,1.0264270613107822,0.9869587897756912
75,22,semiregular,2,699,703,4,597,102,106,0.8540772532188842,0.8492176386913229,0.9943100995732574,0.8516405135520686
75,22,irregular,2,193,247,54,47,146,200,0.24352331606217617,0.1902834008097166,0.7813765182186235,0.21363636363636362
75,22,regular,3,935,946,11,921,14,25,0.9850267379679144,0.9735729386892178,0.9883720930232558,0.9792663476874003
75,22,semiregular,3,693,703,10,640,53,63,0.9235209235209235,0.9103840682788051,0.9857752489331437,0.9169054441260747
75,22,irregular,3,246,247,1,206,40,41,0.8373983739837398,0.8340080971659919,0.9959514170040485,0.8356997971602433
75,23,regular,1,1024,999,25,993,31,6,0.9697265625,0.993993993993994,1.025025025025025,0.9817103311913001
75,23,semiregular,1,794,835,41,689,105,146,0.8677581863979849,0.8251497005988024,0.9508982035928144,0.8459177409453653
75,23,irregular,1,299,266,33,52,247,214,0.17391304347826086,0.19548872180451127,1.1240601503759398,0.184070796460177
75,23,regular,2,1004,999,5,994,10,5,0.9900398406374502,0.994994994994995,1.005005005005005,0.9925112331502746
75,23,semiregular,2,785,835,50,690,95,145,0.8789808917197452,0.8263473053892215,0.9401197604790419,0.8518518518518519
75,23,irregular,2,224,266,42,42,182,224,0.1875,0.15789473684210525,0.8421052631578947,0.17142857142857143
75,23,regular,3,1001,999,2,988,13,11,0.987012987012987,0.988988988988989,1.002002002002002,0.988
75,23,semiregular,3,833,835,2,765,68,70,0.9183673469387755,0.9161676646706587,0.9976047904191617,0.9172661870503598
75,23,irregular,3,280,266,14,212,68,54,0.7571428571428571,0.7969924812030075,1.0526315789473684,0.7765567765567765
75,24,regular,1,1050,1079,29,1045,5,34,0.9952380952380953,0.9684893419833179,0.9731232622798888,0.9816815406294035
75,24,semiregular,1,633,680,47,573,60,107,0.9052132701421801,0.8426470588235294,0.9308823529411765,0.8728103579588727
75,24,irregular,1,281,247,34,62,219,185,0.2206405693950178,0.25101214574898784,1.1376518218623481,0.23484848484848483
75,24,regular,2,1082,1079,3,1069,13,10,0.987985212569316,0.9907321594068582,1.0027803521779426,0.989356779268857
75,24,semiregular,2,641,680,39,579,62,101,0.9032761310452418,0.8514705882352941,0.9426470588235294,0.8766086298258895
75,24,irregular,2,239,247,8,40,199,207,0.16736401673640167,0.16194331983805668,0.9676113360323887,0.1646090534979424
75,24,regular,3,1075,1079,4,1072,3,7,0.9972093023255814,0.9935125115848007,0.9962928637627433,0.9953574744661096
75,24,semiregular,3,683,680,3,655,28,25,0.95900439238653,0.9632352941176471,1.0044117647058823,0.9611151870873074
75,24,irregular,3,237,247,10,217,20,30,0.9156118143459916,0.8785425101214575,0.9595141700404858,0.896694214876033
75,25,regular,1,907,946,39,890,17,56,0.9812568908489526,0.9408033826638478,0.9587737843551797,0.960604425256341
75,25,semiregular,1,752,718,34,612,140,106,0.8138297872340425,0.8523676880222841,1.0473537604456824,0.8326530612244897
75,25,irregular,1,371,207,164,52,319,155,0.14016172506738545,0.25120772946859904,1.7922705314009661,0.17993079584775085
75,25,regular,2,948,946,2,938,10,8,0.989451476793249,0.9915433403805497,1.0021141649048626,0.9904963041182682
75,25,semiregular,2,762,718,44,620,142,98,0.8136482939632546,0.8635097493036211,1.0612813370473537,0.8378378378378377
75,25,irregular,2,662,207,455,90,572,117,0.13595166163141995,0.43478260869565216,3.1980676328502415,0.20713463751438435
75,25,regular,3,907,946,39,904,3,42,0.9966923925027563,0.9556025369978859,0.9587737843551797,0.9757150566648678
75,25,semiregular,3,702,718,16,631,71,87,0.8988603988603988,0.8788300835654597,0.9777158774373259,0.8887323943661971
75,25,irregular,3,229,207,22,134,95,73,0.5851528384279476,0.6473429951690821,1.106280193236715,0.6146788990825688
75,26,regular,1,1141,985,156,984,157,1,0.8624014022787029,0.9989847715736041,1.1583756345177665,0.9256820319849483
75,26,semiregular,1,767,720,47,598,169,122,0.7796610169491526,0.8305555555555556,1.0652777777777778,0.8043039677202422
75,26,irregular,1,252,214,38,56,196,158,0.2222222222222222,0.2616822429906542,1.1775700934579438,0.24034334763948495
75,26,regular,2,446,985,539,442,4,543,0.9910313901345291,0.44873096446700506,0.4527918781725888,0.6177498252969951
75,26,semiregular,2,567,720,153,457,110,263,0.8059964726631393,0.6347222222222222,0.7875,0.7101787101787101
75,26,irregular,2,444,214,230,73,371,141,0.16441441441441443,0.3411214953271028,2.074766355140187,0.22188449848024316
75,26,regular,3,1130,985,145,983,147,2,0.8699115044247787,0.9979695431472081,1.1472081218274113,0.9295508274231677
75,26,semiregular,3,705,720,15,643,62,77,0.9120567375886525,0.8930555555555556,0.9791666666666666,0.9024561403508772
75,26,irregular,3,285,214,71,184,101,30,0.6456140350877193,0.8598130841121495,1.3317757009345794,0.7374749498997997
75,27,regular,1,1139,1166,27,1118,21,48,0.9815627743634767,0.9588336192109777,0.9768439108061749,0.9700650759219088
75,27,semiregular,1,800,728,72,625,175,103,0.78125,0.8585164835164835,1.098901098901099,0.8180628272251308
75,27,irregular,1,301,270,31,50,251,220,0.16611295681063123,0.18518518518518517,1.114814814814815,0.1751313485113835
75,27,regular,2,1179,1166,13,1155,24,11,0.9796437659033079,0.9905660377358491,1.0111492281303602,0.9850746268656716
75,27,semiregular,2,725,728,3,605,120,123,0.8344827586206897,0.8310439560439561,0.9958791208791209,0.8327598072952513
75,27,irregular,2,310,270,40,44,266,226,0.14193548387096774,0.16296296296296298,1.1481481481481481,0.15172413793103448
75,27,regular,3,1118,1166,48,1114,4,52,0.9964221824686941,0.9554030874785592,0.9588336192109777,0.9754816112084063
75,27,semiregular,3,701,728,27,647,54,81,0.9229671897289586,0.8887362637362637,0.9629120879120879,0.9055283414975507
75,27,irregular,3,253,270,17,219,34,51,0.8656126482213439,0.8111111111111111,0.937037037037037,0.8374760994263862
75,28,regular,1,1085,1098,13,1049,36,49,0.9668202764976959,0.9553734061930783,0.98816029143898,0.9610627576729271
75,28,semiregular,1,779,859,80,631,148,228,0.810012836970475,0.7345750873108265,0.9068684516880093,0.7704517704517704
75,28,irregular,1,298,293,5,46,252,247,0.15436241610738255,0.15699658703071673,1.0170648464163823,0.155668358714044
75,28,regular,2,1089,1098,9,1071,18,27,0.9834710743801653,0.9754098360655737,0.9918032786885246,0.9794238683127573
75,28,semiregular,2,889,859,30,731,158,128,0.8222722159730034,0.8509895227008148,1.0349243306169964,0.8363844393592678
75,28,irregular,2,875,293,582,129,746,164,0.14742857142857144,0.4402730375426621,2.986348122866894,0.2208904109589041
75,28,regular,3,1110,1098,12,1084,26,14,0.9765765765765766,0.9872495446265938,1.010928961748634,0.9818840579710145
75,28,semiregular,3,838,859,21,759,79,100,0.905727923627685,0.8835855646100116,0.9755529685681025,0.8945197407189157
75,28,irregular,3,247,293,46,142,105,151,0.5748987854251012,0.48464163822525597,0.8430034129692833,0.5259259259259259
75,29,regular,1,1128,1140,12,1099,29,41,0.974290780141844,0.9640350877192982,0.9894736842105263,0.9691358024691357
75,29,semiregular,1,921,869,52,723,198,146,0.7850162866449512,0.8319907940161104,1.0598388952819333,0.8078212290502793
75,29,irregular,1,244,247,3,38,206,209,0.1557377049180328,0.15384615384615385,0.9878542510121457,0.15478615071283097
75,29,regular,2,1175,1140,35,1134,41,6,0.9651063829787234,0.9947368421052631,1.030701754385965,0.9796976241900648
75,29,semiregular,2,994,869,125,799,195,70,0.8038229376257545,0.9194476409666283,1.143843498273878,0.8577563070316694
75,29,irregular,2,227,247,20,35,192,212,0.15418502202643172,0.1417004048582996,0.9190283400809717,0.1476793248945148
75,29,regular,3,1110,1140,30,1107,3,33,0.9972972972972973,0.9710526315789474,0.9736842105263158,0.984
75,29,semiregular,3,942,869,73,736,206,133,0.7813163481953291,0.8469505178365938,1.0840046029919448,0.8128106018774157
75,29,irregular,3,265,247,18,217,48,30,0.8188679245283019,0.8785425101214575,1.0728744939271255,0.84765625
75,30,regular,1,1016,997,19,986,30,11,0.9704724409448819,0.9889669007021064,1.0190571715145436,0.9796323894684552
75,30,semiregular,1,792,810,18,670,122,140,0.8459595959595959,0.8271604938271605,0.9777777777777777,0.8364544319600499
75,30,irregular,1,388,250,138,48,340,202,0.12371134020618557,0.192,1.552,0.15047021943573669
75,30,regular,2,1010,997,13,990,20,7,0.9801980198019802,0.9929789368104313,1.013039117352056,0.9865470852017936
75,30,semiregular,2,751,810,59,651,100,159,0.8668442077230359,0.8037037037037037,0.9271604938271605,0.8340807174887892
75,30,irregular,2,437,250,187,53,384,197,0.12128146453089245,0.212,1.748,0.15429403202328965
75,30,regular,3,992,997,5,990,2,7,0.9979838709677419,0.9929789368104313,0.9949849548645938,0.9954751131221719
75,30,semiregular,3,777,810,33,726,51,84,0.9343629343629344,0.8962962962962963,0.9592592592592593,0.9149338374291115
75,30,irregular,3,247,250,3,191,56,59,0.7732793522267206,0.764,0.988,0.7686116700201208
90,1,regular,1,967,937,30,928,39,9,0.9596690796277145,0.9903948772678762,1.032017075773746,0.9747899159663864
90,1,semiregular,1,765,703,62,610,155,93,0.7973856209150327,0.8677098150782361,1.0881934566145093,0.8310626702997275
90,1,irregular,1,174,199,25,85,89,114,0.4885057471264368,0.4271356783919598,0.8743718592964824,0.4557640750670241
90,1,regular,2,960,937,23,929,31,8,0.9677083333333333,0.991462113127001,1.024546424759872,0.9794412229836583
90,1,semiregular,2,766,703,63,638,128,65,0.8328981723237598,0.9075391180654339,1.0896159317211949,0.8686181075561608
90,1,irregular,2,190,199,9,97,93,102,0.5105263157894737,0.48743718592964824,0.9547738693467337,0.4987146529562982
90,1,regular,3,939,937,2,932,7,5,0.9925452609158679,0.9946638207043756,1.0021344717182497,0.9936034115138592
90,1,semiregular,3,710,703,7,630,80,73,0.8873239436619719,0.8961593172119487,1.0099573257467995,0.89171974522293
90,1,irregular,3,189,199,10,159,30,40,0.8412698412698413,0.7989949748743719,0.949748743718593,0.8195876288659794
90,2,regular,1,1213,1224,11,1195,18,29,0.9851607584501236,0.9763071895424836,0.9910130718954249,0.9807139926138694
90,2,semiregular,1,596,647,51,549,47,98,0.9211409395973155,0.848531684698609,0.9211746522411128,0.8833467417538213
90,2,irregular,1,207,217,10,78,129,139,0.37681159420289856,0.35944700460829493,0.9539170506912442,0.3679245283018868
90,2,regular,2,1237,1224,13,1219,18,5,0.9854486661277284,0.9959150326797386,1.0106209150326797,0.9906542056074767
90,2,semiregular,2,685,647,38,624,61,23,0.910948905109489,0.964451313755796,1.0587326120556415,0.9369369369369369
90,2,irregular,2,298,217,81,162,136,55,0.5436241610738255,0.7465437788018433,1.3732718894009217,0.6291262135922331
90,2,regular,3,1207,1224,17,1202,5,22,0.995857497928749,0.9820261437908496,0.9861111111111112,0.9888934594816948
90,2,semiregular,3,616,647,31,579,37,68,0.939935064935065,0.8948995363214838,0.9520865533230294,0.9168646080760094
90,2,irregular,3,139,217,78,111,28,106,0.7985611510791367,0.511520737327189,0.6405529953917051,0.6235955056179776
90,3,regular,1,1039,1053,14,1031,8,22,0.9923002887391723,0.9791073124406457,0.9867046533713201,0.9856596558317399
90,3,semiregular,1,653,716,63,567,86,149,0.8683001531393568,0.7918994413407822,0.9120111731843575,0.8283418553688825
90,3,irregular,1,220,224,4,92,128,132,0.41818181818181815,0.4107142857142857,0.9821428571428571,0.41441441441441446
90,3,regular,2,1048,1053,5,1041,7,12,0.9933206106870229,0.9886039886039886,0.9952516619183286,0.9909566872917658
90,3,semiregular,2,740,716,24,642,98,74,0.8675675675675676,0.8966480446927374,1.0335195530726258,0.881868131868132
90,3,irregular,2,229,224,5,101,128,123,0.4410480349344978,0.45089285714285715,1.0223214285714286,0.4459161147902869
90,3,regular,3,1054,1053,1,1048,6,5,0.9943074003795066,0.9952516619183286,1.0009496676163343,0.9947793070716658
90,3,semiregular,3,713,716,3,654,59,62,0.9172510518934082,0.9134078212290503,0.9958100558659218,0.9153254023792862
90,3,irregular,3,222,224,2,184,38,40,0.8288288288288288,0.8214285714285714,0.9910714285714286,0.8251121076233183
90,4,regular,1,1094,1101,7,1079,15,22,0.9862888482632541,0.9800181653042689,0.9936421435059037,0.9831435079726651
90,4,semiregular,1,636,614,22,521,115,93,0.8191823899371069,0.8485342019543974,1.0358306188925082,0.8336
90,4,irregular,1,208,228,20,68,140,160,0.3269230769230769,0.2982456140350877,0.9122807017543859,0.3119266055045871
90,4,regular,2,1118,1101,17,1094,24,7,0.9785330948121646,0.9936421435059037,1.0154405086285194,0.9860297431275349
90,4,semiregular,2,661,614,47,534,127,80,0.8078668683812406,0.8697068403908795,1.0765472312703583,0.8376470588235295
90,4,irregular,2,262,228,34,133,129,95,0.5076335877862596,0.5833333333333334,1.1491228070175439,0.5428571428571428
90,4,regular,3,1096,1101,5,1094,2,7,0.9981751824817519,0.9936421435059037,0.9954586739327884,0.9959035047792444
90,4,semiregular,3,653,614,39,582,71,32,0.891271056661562,0.9478827361563518,1.0635179153094463,0.9187056037884768
90,4,irregular,3,227,228,1,185,42,43,0.8149779735682819,0.8114035087719298,0.9956140350877193,0.8131868131868133
90,5,regular,1,1058,1044,14,1038,20,6,0.9810964083175804,0.9942528735632183,1.0134099616858236,0.9876308277830637
90,5,semiregular,1,710,668,42,556,154,112,0.7830985915492957,0.8323353293413174,1.062874251497006,0.806966618287373
90,5,irregular,1,238,217,21,77,161,140,0.3235294117647059,0.3548387096774194,1.096774193548387,0.3384615384615384
90,5,regular,2,1029,1044,15,1025,4,19,0.9961127308066083,0.9818007662835249,0.985632183908046,0.9889049686444766
90,5,semiregular,2,757,668,89,612,145,56,0.808454425363276,0.9161676646706587,1.1332335329341316,0.8589473684210527
90,5,irregular,2,214,217,3,57,157,160,0.26635514018691586,0.2626728110599078,0.9861751152073732,0.2645011600928074
90,5,regular,3,1043,1044,1,1041,2,3,0.9980824544582934,0.9971264367816092,0.9990421455938697,0.9976042165788213
90,5,semiregular,3,683,668,15,608,75,60,0.890190336749634,0.9101796407185628,1.0224550898203593,0.9000740192450036
90,5,irregular,3,218,217,1,176,42,41,0.8073394495412844,0.8110599078341014,1.0046082949308757,0.8091954022988507
90,6,regular,1,921,915,6,902,19,13,0.9793702497285559,0.985792349726776,1.0065573770491802,0.9825708061002179
90,6,semiregular,1,657,701,44,566,91,135,0.8614916286149162,0.8074179743223966,0.9372325249643366,0.833578792341679
90,6,irregular,1,238,195,43,57,181,138,0.23949579831932774,0.2923076923076923,1.2205128205128206,0.2632794457274827
90,6,regular,2,905,915,10,893,12,22,0.9867403314917127,0.9759562841530055,0.9890710382513661,0.9813186813186814
90,6,semiregular,2,750,701,49,651,99,50,0.868,0.9286733238231099,1.0699001426533523,0.8973121984838043
90,6,irregular,2,201,195,6,85,116,110,0.4228855721393035,0.4358974358974359,1.0307692307692307,0.42929292929292934
90,6,regular,3,922,915,7,911,11,4,0.9880694143167028,0.9956284153005465,1.0076502732240438,0.9918345127925966
90,6,semiregular,3,711,701,10,654,57,47,0.919831223628692,0.9329529243937232,1.014265335235378,0.9263456090651557
90,6,irregular,3,193,195,2,161,32,34,0.8341968911917098,0.8256410256410256,0.9897435897435898,0.8298969072164948
90,7,regular,1,1247,1230,17,1225,22,5,0.9823576583801122,0.9959349593495935,1.0138211382113822,0.9890997174000807
90,7,semiregular,1,780,761,19,647,133,114,0.8294871794871795,0.8501971090670171,1.0249671484888305,0.8397144711226477
90,7,irregular,1,239,225,14,51,188,174,0.21338912133891214,0.22666666666666666,1.0622222222222222,0.21982758620689655
90,7,regular,2,1219,1230,11,1206,13,24,0.9893355209187858,0.9804878048780488,0.9910569105691057,0.9848917925683952
90,7,semiregular,2,796,761,35,664,132,97,0.8341708542713567,0.8725361366622865,1.0459921156373193,0.852922286448298
90,7,irregular,2,223,225,2,52,171,173,0.23318385650224216,0.2311111111111111,0.9911111111111112,0.23214285714285715
90,7,regular,3,1233,1230,3,1225,8,5,0.9935117599351176,0.9959349593495935,1.002439024390244,0.9947218838814454
90,7,semiregular,3,768,761,7,680,88,81,0.8854166666666666,0.8935611038107752,1.0091984231274638,0.8894702419882276
90,7,irregular,3,214,225,11,194,20,31,0.9065420560747663,0.8622222222222222,0.9511111111111111,0.8838268792710706
90,8,regular,1,1019,1035,16,1007,12,28,0.9882237487733072,0.9729468599033816,0.9845410628019323,0.9805258033106135
90,8,semiregular,1,795,827,32,722,73,105,0.9081761006289308,0.8730350665054414,0.9613059250302297,0.8902589395807645
90,8,irregular,1,313,243,70,79,234,164,0.2523961661341853,0.32510288065843623,1.2880658436213992,0.2841726618705036
90,8,regular,2,1021,1035,14,1013,8,22,0.9921645445641528,0.978743961352657,0.9864734299516909,0.985408560311284
90,8,semiregular,2,861,827,34,757,104,70,0.8792102206736353,0.9153567110036276,1.041112454655381,0.8969194312796208
90,8,irregular,2,310,243,67,56,254,187,0.18064516129032257,0.23045267489711935,1.2757201646090535,0.20253164556962025
90,8,regular,3,1032,1035,3,1025,7,10,0.9932170542635659,0.9903381642512077,0.9971014492753624,0.9917755200774068
90,8,semiregular,3,832,827,5,770,62,57,0.9254807692307693,0.9310761789600968,1.0060459492140266,0.9282700421940928
90,8,irregular,3,238,243,5,190,48,53,0.7983193277310925,0.7818930041152263,0.9794238683127572,0.7900207900207901
90,9,regular,1,1120,1107,13,1097,23,10,0.9794642857142857,0.99096657633243,1.0117434507678411,0.9851818590031433
90,9,semiregular,1,659,701,42,617,42,84,0.936267071320182,0.8801711840228246,0.9400855920114123,0.9073529411764707
90,9,irregular,1,295,266,29,91,204,175,0.30847457627118646,0.34210526315789475,1.1090225563909775,0.32442067736185387
90,9,regular,2,1104,1107,3,1094,10,13,0.9909420289855072,0.988256549232159,0.997289972899729,0.9895974672094074
90,9,semiregular,2,707,701,6,636,71,65,0.8995756718528995,0.9072753209700428,1.0085592011412268,0.9034090909090908
90,9,irregular,2,357,266,91,75,282,191,0.21008403361344538,0.2819548872180451,1.3421052631578947,0.24077046548956663
90,9,regular,3,1109,1107,2,1102,7,5,0.9936880072137061,0.995483288166215,1.001806684733514,0.9945848375451264
90,9,semiregular,3,679,701,22,650,29,51,0.9572901325478645,0.927246790299572,0.9686162624821684,0.9420289855072465
90,9,irregular,3,252,266,14,215,37,51,0.8531746031746031,0.8082706766917294,0.9473684210526315,0.8301158301158302
90,10,regular,1,1035,1014,21,1009,26,5,0.9748792270531401,0.995069033530572,1.0207100591715976,0.9848706686188385
90,10,semiregular,1,636,656,20,567,69,89,0.8915094339622641,0.864329268292683,0.9695121951219512,0.8777089783281734
90,10,irregular,1,205,247,42,76,129,171,0.37073170731707317,0.3076923076923077,0.8299595141700404,0.33628318584070793
90,10,regular,2,1032,1014,18,1008,24,6,0.9767441860465116,0.9940828402366864,1.017751479289941,0.9853372434017595
90,10,semiregular,2,680,656,24,605,75,51,0.8897058823529411,0.9222560975609756,1.0365853658536586,0.9056886227544909
90,10,irregular,2,238,247,9,64,174,183,0.2689075630252101,0.2591093117408907,0.9635627530364372,0.2639175257731959
90,10,regular,3,1019,1014,5,1011,8,3,0.9921491658488715,0.9970414201183432,1.004930966469428,0.9945892769306444
90,10,semiregular,3,643,656,13,604,39,52,0.9393468118195957,0.9207317073170732,0.9801829268292683,0.9299461123941494
90,10,irregular,3,239,247,8,208,31,39,0.8702928870292888,0.8421052631578947,0.9676113360323887,0.8559670781893004
90,11,regular,1,1062,1070,8,1053,9,17,0.9915254237288136,0.9841121495327103,0.9925233644859813,0.9878048780487806
90,11,semiregular,1,688,700,12,590,98,110,0.8575581395348837,0.8428571428571429,0.9828571428571429,0.8501440922190201
90,11,irregular,1,244,239,5,75,169,164,0.3073770491803279,0.3138075313807531,1.0209205020920502,0.31055900621118016
90,11,regular,2,1070,1070,0,1064,6,6,0.994392523364486,0.994392523364486,1.0,0.994392523364486
90,11,semiregular,2,744,700,44,634,110,66,0.8521505376344086,0.9057142857142857,1.062857142857143,0.8781163434903048
90,11,irregular,2,230,239,9,56,174,183,0.24347826086956523,0.23430962343096234,0.9623430962343096,0.23880597014925375
90,11,regular,3,1073,1070,3,1069,4,1,0.9962721342031687,0.9990654205607477,1.002803738317757,0.9976668222118527
90,11,semiregular,3,697,700,3,633,64,67,0.9081779053084649,0.9042857142857142,0.9957142857142857,0.9062276306370793
90,11,irregular,3,227,239,12,195,32,44,0.8590308370044053,0.8158995815899581,0.9497907949790795,0.8369098712446351
90,12,regular,1,1011,1007,4,998,13,9,0.9871414441147379,0.9910625620655412,1.0039721946375373,0.9890981169474727
90,12,semiregular,1,698,641,57,567,131,74,0.8123209169054442,0.8845553822152886,1.0889235569422777,0.8469006721433907
90,12,irregular,1,203,204,1,57,146,147,0.28078817733990147,0.27941176470588236,0.9950980392156863,0.2800982800982801
90,12,regular,2,1015,1007,8,1006,9,1,0.9911330049261083,0.9990069513406157,1.0079443892750746,0.9950544015825914
90,12,semiregular,2,656,641,15,529,127,112,0.8064024390243902,0.8252730109204368,1.0234009360374414,0.815728604471858
90,12,irregular,2,209,204,5,47,162,157,0.22488038277511962,0.23039215686274508,1.0245098039215685,0.22760290556900722
90,12,regular,3,1007,1007,0,1002,5,5,0.9950347567030785,0.9950347567030785,1.0,0.9950347567030785
90,12,semiregular,3,660,641,19,580,80,61,0.8787878787878788,0.9048361934477379,1.029641185647426,0.8916218293620293
90,12,irregular,3,206,204,2,176,30,28,0.8543689320388349,0.8627450980392157,1.0098039215686274,0.8585365853658536
90,13,regular,1,1023,1000,23,999,24,1,0.9765395894428153,0.999,1.023,0.9876421156697973
90,13,semiregular,1,823,815,8,730,93,85,0.8869987849331713,0.8957055214723927,1.0098159509202453,0.8913308913308914
90,13,irregular,1,283,216,67,62,221,154,0.21908127208480566,0.28703703703703703,1.3101851851851851,0.24849699398797598
90,13,regular,2,1013,1000,13,999,14,1,0.9861796643632774,0.999,1.013,0.992548435171386
90,13,semiregular,2,839,815,24,737,102,78,0.8784266984505363,0.9042944785276074,1.0294478527607362,0.8911729141475212
90,13,irregular,2,273,216,57,38,235,178,0.1391941391941392,0.17592592592592593,1.2638888888888888,0.1554192229038855
90,13,regular,3,1002,1000,2,998,4,2,0.9960079840319361,0.998,1.002,0.997002997002997
90,13,semiregular,3,808,815,7,760,48,55,0.9405940594059405,0.9325153374233128,0.9914110429447853,0.9365372766481823
90,13,irregular,3,216,216,0,184,32,32,0.8518518518518519,0.8518518518518519,1.0,0.8518518518518519
90,14,regular,1,1060,1052,8,1046,14,6,0.9867924528301887,0.9942965779467681,1.0076045627376427,0.990530303030303
90,14,semiregular,1,851,913,62,760,91,153,0.8930669800235017,0.8324205914567361,0.932092004381161,0.8616780045351474
90,14,irregular,1,206,217,11,57,149,160,0.2766990291262136,0.2626728110599078,0.9493087557603687,0.2695035460992907
90,14,regular,2,1058,1052,6,1047,11,5,0.9896030245746692,0.9952471482889734,1.005703422053232,0.9924170616113743
90,14,semiregular,2,1013,913,100,889,124,24,0.8775913129318855,0.9737130339539978,1.1095290251916758,0.9231568016614745
90,14,irregular,2,257,217,40,60,197,157,0.23346303501945526,0.2764976958525346,1.1843317972350231,0.25316455696202533
90,14,regular,3,1053,1052,1,1050,3,2,0.9971509971509972,0.9980988593155894,1.0009505703422052,0.997624703087886
90,14,semiregular,3,833,913,80,763,70,150,0.9159663865546218,0.8357064622124863,0.9123767798466593,0.8739977090492554
90,14,irregular,3,209,217,8,181,28,36,0.8660287081339713,0.8341013824884793,0.9631336405529954,0.8497652582159625
90,15,regular,1,965,964,1,953,12,11,0.9875647668393782,0.9885892116182573,1.0010373443983402,0.9880767236910317
90,15,semiregular,1,730,774,44,660,70,114,0.9041095890410958,0.8527131782945736,0.9431524547803618,0.8776595744680852
90,15,irregular,1,249,218,31,61,188,157,0.24497991967871485,0.2798165137614679,1.1422018348623852,0.2612419700214133
90,15,regular,2,954,964,10,952,2,12,0.9979035639412998,0.9875518672199171,0.9896265560165975,0.9927007299270073
90,15,semiregular,2,805,774,31,712,93,62,0.884472049689441,0.9198966408268734,1.0400516795865633,0.901836605446485
90,15,irregular,2,230,218,12,59,171,159,0.2565217391304348,0.2706422018348624,1.055045871559633,0.26339285714285715
90,15,regular,3,963,964,1,960,3,4,0.9968847352024922,0.995850622406639,0.9989626556016598,0.9963674104826155
90,15,semiregular,3,763,774,11,722,41,52,0.9462647444298821,0.9328165374677002,0.9857881136950905,0.9394925178919973
90,15,irregular,3,212,218,6,184,28,34,0.8679245283018868,0.8440366972477065,0.9724770642201835,0.8558139534883721
90,16,regular,1,1100,1109,9,1091,9,18,0.9918181818181818,0.9837691614066727,0.9918845807033363,0.9877772747849706
90,16,semiregular,1,714,681,33,601,113,80,0.8417366946778712,0.882525697503671,1.0484581497797356,0.8616487455197132
90,16,irregular,1,207,272,65,62,145,210,0.2995169082125604,0.22794117647058823,0.7610294117647058,0.2588726513569937
90,16,regular,2,1107,1109,2,1097,10,12,0.99096657633243,0.9891794409377818,0.9981965734896303,0.9900722021660648
90,16,semiregular,2,716,681,35,599,117,82,0.8365921787709497,0.8795888399412628,1.0513950073421439,0.8575518969219756
90,16,irregular,2,175,272,97,57,118,215,0.32571428571428573,0.20955882352941177,0.6433823529411765,0.25503355704697983
90,16,regular,3,1114,1109,5,1106,8,3,0.992818671454219,0.9972948602344455,1.0045085662759243,0.9950517318938371
90,16,semiregular,3,662,681,19,608,54,73,0.918429003021148,0.8928046989720999,0.9720998531571219,0.9054355919583024
90,16,irregular,3,243,272,29,207,36,65,0.8518518518518519,0.7610294117647058,0.8933823529411765,0.8038834951456311
90,17,regular,1,1022,1029,7,1015,7,14,0.9931506849315068,0.9863945578231292,0.9931972789115646,0.9897610921501707
90,17,semiregular,1,790,837,47,703,87,134,0.889873417721519,0.8399044205495818,0.9438470728793309,0.8641671788567915
90,17,irregular,1,226,240,14,55,171,185,0.24336283185840707,0.22916666666666666,0.9416666666666667,0.23605150214592274
90,17,regular,2,1019,1029,10,1014,5,15,0.9950932286555446,0.9854227405247813,0.9902818270165209,0.990234375
90,17,semiregular,2,888,837,51,782,106,55,0.8806306306306306,0.9342891278375149,1.060931899641577,0.9066666666666667
90,17,irregular,2,282,240,42,62,220,178,0.2198581560283688,0.25833333333333336,1.175,0.2375478927203065
90,17,regular,3,1033,1029,4,1027,6,2,0.9941916747337851,0.9980563654033042,1.0038872691933916,0.9961202715809894
90,17,semiregular,3,830,837,7,780,50,57,0.9397590361445783,0.931899641577061,0.991636798088411,0.9358128374325135
90,17,irregular,3,239,240,1,193,46,47,0.8075313807531381,0.8041666666666667,0.9958333333333333,0.8058455114822547
90,18,regular,1,1036,1044,8,1026,10,18,0.9903474903474904,0.9827586206896551,0.9923371647509579,0.9865384615384616
90,18,semiregular,1,809,801,8,713,96,88,0.8813349814585909,0.8901373283395755,1.0099875156054932,0.8857142857142858
90,18,irregular,1,238,252,14,79,159,173,0.3319327731092437,0.3134920634920635,0.9444444444444444,0.32244897959183677
90,18,regular,2,1038,1044,6,1028,10,16,0.9903660886319846,0.9846743295019157,0.9942528735632183,0.9875120076849183
90,18,semiregular,2,836,801,35,742,94,59,0.8875598086124402,0.9263420724094882,1.0436953807740326,0.906536346976176
90,18,irregular,2,234,252,18,70,164,182,0.29914529914529914,0.2777777777777778,0.9285714285714286,0.2880658436213992
90,18,regular,3,1051,1044,7,1042,9,2,0.9914367269267365,0.9980842911877394,1.0067049808429118,0.9947494033412887
90,18,semiregular,3,794,801,7,755,39,46,0.9508816120906801,0.9425717852684145,0.9912609238451935,0.9467084639498432
90,18,irregular,3,238,252,14,207,31,45,0.8697478991596639,0.8214285714285714,0.9444444444444444,0.8448979591836734
90,19,regular,1,1067,1076,9,1057,10,19,0.9906279287722587,0.9823420074349443,0.991635687732342,0.9864675688287449
90,19,semiregular,1,722,753,31,646,76,107,0.8947368421052632,0.8579017264276229,0.9588313413014609,0.8759322033898305
90,19,irregular,1,199,245,46,84,115,161,0.4221105527638191,0.34285714285714286,0.8122448979591836,0.3783783783783784
90,19,regular,2,1078,1076,2,1068,10,8,0.9907235621521335,0.9925650557620818,1.0018587360594795,0.9916434540389972
90,19,semiregular,2,778,753,25,680,98,73,0.8740359897172236,0.9030544488711819,1.0332005312084993,0.8883082952318746
90,19,irregular,2,228,245,17,112,116,133,0.49122807017543857,0.45714285714285713,0.9306122448979591,0.47357293868921774
90,19,regular,3,1078,1076,2,1072,6,4,0.9944341372912802,0.9962825278810409,1.0018587360594795,0.9953574744661094
90,19,semiregular,3,735,753,18,690,45,63,0.9387755102040817,0.9163346613545816,0.9760956175298805,0.9274193548387096
90,19,irregular,3,242,245,3,200,42,45,0.8264462809917356,0.8163265306122449,0.9877551020408163,0.8213552361396305
90,20,regular,1,1286,1251,35,1245,41,6,0.9681181959564541,0.9952038369304557,1.0279776179056754,0.9814741821048482
90,20,semiregular,1,837,841,4,732,105,109,0.8745519713261649,0.8703923900118906,0.995243757431629,0.8724672228843863
90,20,irregular,1,268,252,16,111,157,141,0.4141791044776119,0.44047619047619047,1.0634920634920635,0.4269230769230769
90,20,regular,2,1241,1251,10,1235,6,16,0.9951651893634166,0.9872102318145484,0.9920063948840927,0.9911717495987158
90,20,semiregular,2,911,841,70,782,129,59,0.858397365532382,0.929845422116528,1.0832342449464922,0.8926940639269406
90,20,irregular,2,270,252,18,170,100,82,0.6296296296296297,0.6746031746031746,1.0714285714285714,0.6513409961685824
90,20,regular,3,1243,1251,8,1241,2,10,0.998390989541432,0.9920063948840927,0.9936051159072742,0.9951884522854852
90,20,semiregular,3,838,841,3,758,80,83,0.9045346062052506,0.901307966706302,0.9964328180737217,0.9029184038117927
90,20,irregular,3,248,252,4,205,43,47,0.8266129032258065,0.8134920634920635,0.9841269841269841,0.82
90,21,regular,1,929,920,9,915,14,5,0.984930032292788,0.9945652173913043,1.0097826086956523,0.989724175229854
90,21,semiregular,1,635,549,86,470,165,79,0.7401574803149606,0.8561020036429873,1.156648451730419,0.7939189189189191
90,21,irregular,1,244,204,40,75,169,129,0.3073770491803279,0.36764705882352944,1.196078431372549,0.3348214285714286
90,21,regular,2,931,920,11,919,12,1,0.9871106337271751,0.9989130434782608,1.0119565217391304,0.9929767693138843
90,21,semiregular,2,682,549,133,517,165,32,0.7580645161290323,0.941712204007286,1.2422586520947176,0.8399675060926076
90,21,irregular,2,230,204,26,99,131,105,0.43043478260869567,0.4852941176470588,1.1274509803921569,0.45622119815668205
90,21,regular,3,919,920,1,913,6,7,0.9934711643090316,0.9923913043478261,0.9989130434782608,0.9929309407286568
90,21,semiregular,3,540,549,9,439,101,110,0.812962962962963,0.7996357012750456,0.9836065573770492,0.8062442607897153
90,21,irregular,3,201,204,3,175,26,29,0.8706467661691543,0.8578431372549019,0.9852941176470589,0.8641975308641976
90,22,regular,1,968,946,22,942,26,4,0.9731404958677686,0.9957716701902748,1.0232558139534884,0.9843260188087775
90,22,semiregular,1,743,703,40,626,117,77,0.8425302826379543,0.8904694167852063,1.0568990042674253,0.8658367911479945
90,22,irregular,1,229,247,18,84,145,163,0.36681222707423583,0.340080971659919,0.9271255060728745,0.3529411764705882
90,22,regular,2,955,946,9,945,10,1,0.9895287958115183,0.9989429175475687,1.0095137420718816,0.9942135718043136
90,22,semiregular,2,758,703,55,635,123,68,0.837730870712401,0.903271692745377,1.0782361308677098,0.8692676249144421
90,22,irregular,2,171,247,76,48,123,199,0.2807017543859649,0.19433198380566802,0.6923076923076923,0.22966507177033493
90,22,regular,3,939,946,7,925,14,21,0.9850905218317358,0.9778012684989429,0.992600422832981,0.9814323607427056
90,22,semiregular,3,699,703,4,631,68,72,0.9027181688125894,0.8975817923186344,0.9943100995732574,0.9001426533523538
90,22,irregular,3,242,247,5,195,47,52,0.8057851239669421,0.7894736842105263,0.979757085020243,0.7975460122699387
90,23,regular,1,992,999,7,980,12,19,0.9879032258064516,0.980980980980981,0.992992992992993,0.9844299347061778
90,23,semiregular,1,829,835,6,719,110,116,0.8673100120627262,0.8610778443113772,0.9928143712574851,0.8641826923076923
90,23,irregular,1,309,266,43,51,258,215,0.1650485436893204,0.19172932330827067,1.1616541353383458,0.1773913043478261
90,23,regular,2,991,999,8,981,10,18,0.9899091826437941,0.9819819819819819,0.991991991991992,0.9859296482412061
90,23,semiregular,2,868,835,33,759,109,76,0.8744239631336406,0.9089820359281438,1.0395209580838323,0.8913681738109219
90,23,irregular,2,338,266,72,62,276,204,0.1834319526627219,0.23308270676691728,1.2706766917293233,0.2052980132450331
90,23,regular,3,992,999,7,981,11,18,0.9889112903225806,0.9819819819819819,0.992992992992993,0.9854344550477147
90,23,semiregular,3,830,835,5,761,69,74,0.9168674698795181,0.911377245508982,0.9940119760479041,0.914114114114114
90,23,irregular,3,262,266,4,208,54,58,0.7938931297709924,0.7819548872180451,0.9849624060150376,0.7878787878787878
90,24,regular,1,1058,1079,21,1049,9,30,0.9914933837429112,0.9721964782205746,0.9805375347544022,0.9817501169864296
90,24,semiregular,1,581,680,99,530,51,150,0.9122203098106713,0.7794117647058824,0.8544117647058823,0.8406026962727993
90,24,irregular,1,296,247,49,70,226,177,0.23648648648648649,0.2834008097165992,1.1983805668016194,0.25782688766114176
90,24,regular,2,1062,1079,17,1052,10,27,0.9905838041431262,0.9749768303985171,0.9842446709916589,0.982718355908454
90,24,semiregular,2,704,680,24,621,83,59,0.8821022727272727,0.913235294117647,1.035294117647059,0.8973988439306357
90,24,irregular,2,184,247,63,29,155,218,0.15760869565217392,0.11740890688259109,0.7449392712550608,0.1345707656612529
90,24,regular,3,1083,1079,4,1076,7,3,0.9935364727608494,0.9972196478220574,1.0037071362372567,0.9953746530989823
90,24,semiregular,3,673,680,7,635,38,45,0.9435364041604755,0.9338235294117647,0.9897058823529412,0.9386548410938654
90,24,irregular,3,238,247,9,214,24,33,0.8991596638655462,0.8663967611336032,0.9635627530364372,0.8824742268041238
90,25,regular,1,925,946,21,914,11,32,0.9881081081081081,0.9661733615221987,0.9778012684989429,0.9770176376269375
90,25,semiregular,1,709,718,9,591,118,127,0.8335684062059239,0.8231197771587744,0.9874651810584958,0.8283111422564822
90,25,irregular,1,399,207,192,44,355,163,0.11027568922305764,0.21256038647342995,1.9275362318840579,0.14521452145214522
90,25,regular,2,907,946,39,896,11,50,0.9878721058434399,0.9471458773784355,0.9587737843551797,0.9670804101457097
90,25,semiregular,2,790,718,72,624,166,94,0.789873417721519,0.8690807799442897,1.1002785515320335,0.8275862068965517
90,25,irregular,2,1108,207,901,132,976,75,0.11913357400722022,0.6376811594202898,5.352657004830918,0.20076045627376424
90,25,regular,3,871,946,75,865,6,81,0.9931113662456946,0.9143763213530656,0.9207188160676533,0.9521188772702256
90,25,semiregular,3,734,718,16,649,85,69,0.8841961852861036,0.903899721448468,1.0222841225626742,0.8939393939393939
90,25,irregular,3,220,207,13,144,76,63,0.6545454545454545,0.6956521739130435,1.0628019323671498,0.6744730679156908
90,26,regular,1,1124,985,139,977,147,8,0.8692170818505338,0.9918781725888325,1.1411167512690354,0.9265054528212424
90,26,semiregular,1,756,720,36,615,141,105,0.8134920634920635,0.8541666666666666,1.05,0.8333333333333333
90,26,irregular,1,231,214,17,47,184,167,0.20346320346320346,0.21962616822429906,1.0794392523364487,0.21123595505617979
90,26,regular,2,812,985,173,805,7,180,0.9913793103448276,0.817258883248731,0.8243654822335026,0.895937673900946
90,26,semiregular,2,799,720,79,617,182,103,0.772215269086358,0.8569444444444444,1.1097222222222223,0.8123765635286372
90,26,irregular,2,228,214,14,46,182,168,0.20175438596491227,0.21495327102803738,1.0654205607476634,0.2081447963800905
90,26,regular,3,1122,985,137,982,140,3,0.875222816399287,0.9969543147208122,1.1390862944162436,0.9321309919316564
90,26,semiregular,3,778,720,58,666,112,54,0.8560411311053985,0.925,1.0805555555555555,0.8891855807743658
90,26,irregular,3,287,214,73,189,98,25,0.6585365853658537,0.883177570093458,1.341121495327103,0.7544910179640719
90,27,regular,1,1106,1166,60,1091,15,75,0.9864376130198915,0.9356775300171527,0.9485420240137221,0.960387323943662
90,27,semiregular,1,752,728,24,588,164,140,0.7819148936170213,0.8076923076923077,1.032967032967033,0.7945945945945946
90,27,irregular,1,379,270,109,70,309,200,0.18469656992084432,0.25925925925925924,1.4037037037037037,0.21571648690292755
90,27,regular,2,1203,1166,37,1152,51,14,0.9576059850374065,0.9879931389365352,1.0317324185248713,0.9725622625580413
90,27,semiregular,2,657,728,71,545,112,183,0.8295281582952816,0.7486263736263736,0.9024725274725275,0.7870036101083033
90,27,irregular,2,353,270,83,51,302,219,0.14447592067988668,0.18888888888888888,1.3074074074074074,0.1637239165329053
90,27,regular,3,1186,1166,20,1165,21,1,0.9822934232715008,0.9991423670668954,1.0171526586620927,0.9906462585034014
90,27,semiregular,3,689,728,39,634,55,94,0.9201741654571843,0.8708791208791209,0.9464285714285714,0.89484827099506
90,27,irregular,3,249,270,21,212,37,58,0.8514056224899599,0.7851851851851852,0.9222222222222223,0.8169556840077072
90,28,regular,1,1084,1098,14,1041,43,57,0.9603321033210332,0.9480874316939891,0.9872495446265938,0.9541704857928506
90,28,semiregular,1,791,859,68,652,139,207,0.8242730720606827,0.7590221187427241,0.9208381839348079,0.7903030303030303
90,28,irregular,1,465,293,172,63,402,230,0.13548387096774195,0.2150170648464164,1.5870307167235496,0.1662269129287599
90,28,regular,2,1036,1098,62,1017,19,81,0.9816602316602316,0.9262295081967213,0.9435336976320583,0.9531396438612934
90,28,semiregular,2,866,859,7,728,138,131,0.8406466512702079,0.8474970896391153,1.0081490104772992,0.8440579710144928
90,28,irregular,2,1082,293,789,156,926,137,0.14417744916820702,0.5324232081911263,3.6928327645051193,0.22690909090909092
90,28,regular,3,1049,1098,49,1041,8,57,0.9923736892278361,0.9480874316939891,0.9553734061930783,0.9697251979506288
90,28,semiregular,3,822,859,37,747,75,112,0.9087591240875912,0.869615832363213,0.9569266589057043,0.8887566924449732
90,28,irregular,3,200,293,93,97,103,196,0.485,0.3310580204778157,0.6825938566552902,0.3935091277890466
90,29,regular,1,1142,1140,2,1128,14,12,0.9877408056042032,0.9894736842105263,1.0017543859649123,0.9886064855390009
90,29,semiregular,1,921,869,52,735,186,134,0.7980456026058632,0.8457997698504027,1.0598388952819333,0.8212290502793295
90,29,irregular,1,272,247,25,49,223,198,0.1801470588235294,0.19838056680161945,1.1012145748987854,0.18882466281310215
90,29,regular,2,1161,1140,21,1125,36,15,0.9689922480620154,0.9868421052631579,1.018421052631579,0.9778357235984353
90,29,semiregular,2,968,869,99,794,174,75,0.8202479338842975,0.9136939010356732,1.1139240506329113,0.864452912357104
90,29,irregular,2,277,247,30,33,244,214,0.11913357400722022,0.13360323886639677,1.1214574898785425,0.12595419847328246
90,29,regular,3,1092,1140,48,1089,3,51,0.9972527472527473,0.9552631578947368,0.9578947368421052,0.9758064516129032
90,29,semiregular,3,918,869,49,732,186,137,0.7973856209150327,0.8423475258918297,1.0563866513233602,0.8192501398992725
90,29,irregular,3,261,247,14,212,49,35,0.8122605363984674,0.8582995951417004,1.05668016194332,0.8346456692913387
90,30,regular,1,1010,997,13,984,26,13,0.9742574257425742,0.9869608826479438,1.013039117352056,0.9805680119581465
90,30,semiregular,1,779,810,31,649,130,161,0.8331193838254172,0.8012345679012346,0.9617283950617284,0.8168659534298301
90,30,irregular,1,466,250,216,44,422,206,0.0944206008583691,0.176,1.864,0.1229050279329609
90,30,regular,2,1038,997,41,995,43,2,0.9585741811175337,0.9979939819458375,1.041123370110331,0.977886977886978
90,30,semiregular,2,849,810,39,721,128,89,0.8492343934040048,0.8901234567901235,1.048148148148148,0.869198312236287
90,30,irregular,2,455,250,205,59,396,191,0.12967032967032968,0.236,1.82,0.16737588652482271
90,30,regular,3,993,997,4,989,4,8,0.9959718026183283,0.9919759277833501,0.995987963891675,0.9939698492462312
90,30,semiregular,3,794,810,16,735,59,75,0.9256926952141058,0.9074074074074074,0.980246913580247,0.9164588528678305
90,30,irregular,3,254,250,4,197,57,53,0.7755905511811023,0.788,1.016,0.7817460317460317
105,1,regular,1,932,937,5,908,24,29,0.9742489270386266,0.9690501600853789,0.9946638207043756,0.9716425896201178
105,1,semiregular,1,786,703,83,627,159,76,0.7977099236641222,0.8918918918918919,1.1180654338549076,0.8421759570181331
105,1,irregular,1,171,199,28,71,100,128,0.4152046783625731,0.35678391959798994,0.8592964824120602,0.3837837837837838
105,1,regular,2,903,937,34,892,11,45,0.9878183831672204,0.951974386339381,0.9637139807897546,0.9695652173913044
105,1,semiregular,2,656,703,47,557,99,146,0.8490853658536586,0.7923186344238976,0.9331436699857752,0.8197203826342899
105,1,irregular,2,198,199,1,87,111,112,0.4393939393939394,0.4371859296482412,0.9949748743718593,0.43828715365239296
105,1,regular,3,951,937,14,932,19,5,0.9800210304942166,0.9946638207043756,1.0149413020277482,0.9872881355932204
105,1,semiregular,3,722,703,19,631,91,72,0.8739612188365651,0.8975817923186344,1.027027027027027,0.8856140350877193
105,1,irregular,3,206,199,7,166,40,33,0.8058252427184466,0.8341708542713567,1.035175879396985,0.819753086419753
105,2,regular,1,1196,1224,28,1183,13,41,0.9891304347826086,0.9665032679738562,0.9771241830065359,0.9776859504132231
105,2,semiregular,1,607,647,40,552,55,95,0.9093904448105437,0.8531684698608965,0.9381761978361669,0.8803827751196172
105,2,irregular,1,217,217,0,70,147,147,0.3225806451612903,0.3225806451612903,1.0,0.3225806451612903
105,2,regular,2,1199,1224,25,1188,11,36,0.9908256880733946,0.9705882352941176,0.9795751633986928,0.9806025588113909
105,2,semiregular,2,632,647,15,594,38,53,0.939873417721519,0.9180834621329211,0.9768160741885626,0.9288506645817044
105,2,irregular,2,328,217,111,169,159,48,0.5152439024390244,0.7788018433179723,1.5115207373271888,0.620183486238532
105,2,regular,3,1232,1224,8,1210,22,14,0.9821428571428571,0.988562091503268,1.0065359477124183,0.9853420195439739
105,2,semiregular,3,641,647,6,596,45,51,0.9297971918876755,0.9211746522411128,0.990726429675425,0.9254658385093167
105,2,irregular,3,187,217,30,133,54,84,0.7112299465240641,0.6129032258064516,0.8617511520737328,0.6584158415841583
105,3,regular,1,1038,1053,15,1029,9,24,0.9913294797687862,0.9772079772079773,0.9857549857549858,0.9842180774748924
105,3,semiregular,1,689,716,27,598,91,118,0.8679245283018868,0.835195530726257,0.9622905027932961,0.8512455516014235
105,3,irregular,1,261,224,37,97,164,127,0.3716475095785441,0.4330357142857143,1.1651785714285714,0.4
105,3,regular,2,1026,1053,27,1017,9,36,0.9912280701754386,0.9658119658119658,0.9743589743589743,0.9783549783549784
105,3,semiregular,2,714,716,2,633,81,83,0.8865546218487395,0.8840782122905028,0.9972067039106145,0.8853146853146853
105,3,irregular,2,202,224,22,102,100,122,0.504950495049505,0.45535714285714285,0.9017857142857143,0.47887323943661975
105,3,regular,3,1074,1053,21,1051,23,2,0.978584729981378,0.9981006647673314,1.01994301994302,0.9882463563704748
105,3,semiregular,3,733,716,17,665,68,51,0.9072305593451568,0.9287709497206704,1.0237430167597765,0.9178743961352658
105,3,irregular,3,234,224,10,185,49,39,0.7905982905982906,0.8258928571428571,1.0446428571428572,0.8078602620087336
105,4,regular,1,1053,1101,48,1046,7,55,0.99335232668566,0.9500454132606722,0.9564032697547684,0.9712163416898792
105,4,semiregular,1,670,614,56,543,127,71,0.8104477611940298,0.8843648208469055,1.0912052117263844,0.8457943925233645
105,4,irregular,1,209,228,19,70,139,158,0.3349282296650718,0.30701754385964913,0.9166666666666666,0.32036613272311215
105,4,regular,2,1069,1101,32,1060,9,41,0.9915809167446211,0.9627611262488647,0.9709355131698456,0.9769585253456221
105,4,semiregular,2,588,614,26,493,95,121,0.8384353741496599,0.8029315960912052,0.9576547231270358,0.8202995008319468
105,4,irregular,2,276,228,48,129,147,99,0.4673913043478261,0.5657894736842105,1.2105263157894737,0.5119047619047619
105,4,regular,3,1128,1101,27,1099,29,2,0.974290780141844,0.9981834695731153,1.0245231607629428,0.9860924181247195
105,4,semiregular,3,656,614,42,573,83,41,0.8734756097560976,0.9332247557003257,1.0684039087947883,0.9023622047244094
105,4,irregular,3,247,228,19,194,53,34,0.7854251012145749,0.8508771929824561,1.0833333333333333,0.8168421052631579
105,5,regular,1,1029,1044,15,1022,7,22,0.9931972789115646,0.9789272030651341,0.985632183908046,0.9860106126386878
105,5,semiregular,1,722,668,54,570,152,98,0.7894736842105263,0.8532934131736527,1.0808383233532934,0.8201438848920863
105,5,irregular,1,261,217,44,79,182,138,0.30268199233716475,0.3640552995391705,1.2027649769585254,0.3305439330543933
105,5,regular,2,1016,1044,28,1009,7,35,0.9931102362204725,0.9664750957854407,0.9731800766283525,0.979611650485437
105,5,semiregular,2,678,668,10,559,119,109,0.8244837758112095,0.8368263473053892,1.0149700598802396,0.8306092124814265
105,5,irregular,2,219,217,2,55,164,162,0.2511415525114155,0.2534562211981567,1.0092165898617511,0.2522935779816514
105,5,regular,3,1062,1044,18,1042,20,2,0.9811676082862524,0.9980842911877394,1.0172413793103448,0.9895536562203229
105,5,semiregular,3,688,668,20,607,81,61,0.8822674418604651,0.9086826347305389,1.029940119760479,0.8952802359882005
105,5,irregular,3,235,217,18,182,53,35,0.774468085106383,0.8387096774193549,1.0829493087557605,0.8053097345132743
105,6,regular,1,913,915,2,898,15,17,0.9835706462212487,0.9814207650273225,0.9978142076502732,0.9824945295404814
105,6,semiregular,1,667,701,34,579,88,122,0.8680659670164917,0.8259629101283881,0.9514978601997147,0.8464912280701755
105,6,irregular,1,251,195,56,57,194,138,0.22709163346613545,0.2923076923076923,1.2871794871794873,0.2556053811659193
105,6,regular,2,888,915,27,878,10,37,0.9887387387387387,0.9595628415300547,0.9704918032786886,0.9739323349972269
105,6,semiregular,2,680,701,21,603,77,98,0.8867647058823529,0.8601997146932953,0.9700427960057061,0.8732802317161477
105,6,irregular,2,224,195,29,93,131,102,0.41517857142857145,0.47692307692307695,1.1487179487179486,0.4439140811455847
105,6,regular,3,933,915,18,912,21,3,0.977491961414791,0.9967213114754099,1.019672131147541,0.987012987012987
105,6,semiregular,3,721,701,20,658,63,43,0.912621359223301,0.9386590584878745,1.028530670470756,0.9254571026722926
105,6,irregular,3,209,195,14,166,43,29,0.7942583732057417,0.8512820512820513,1.0717948717948718,0.8217821782178217
105,7,regular,1,1198,1230,32,1193,5,37,0.9958263772954925,0.9699186991869919,0.9739837398373984,0.9827018121911038
105,7,semiregular,1,763,761,2,655,108,106,0.8584534731323722,0.8607095926412615,1.002628120893561,0.8595800524934383
105,7,irregular,1,195,225,30,54,141,171,0.27692307692307694,0.24,0.8666666666666667,0.2571428571428571
105,7,regular,2,1212,1230,18,1200,12,30,0.9900990099009901,0.975609756097561,0.9853658536585366,0.9828009828009828
105,7,semiregular,2,757,761,4,635,122,126,0.8388375165125496,0.8344283837056504,0.9947437582128777,0.8366271409749672
105,7,irregular,2,246,225,21,52,194,173,0.21138211382113822,0.2311111111111111,1.0933333333333333,0.22080679405520173
105,7,regular,3,1249,1230,19,1227,22,3,0.9823859087269816,0.9975609756097561,1.0154471544715447,0.9899152884227512
105,7,semiregular,3,752,761,9,668,84,93,0.8882978723404256,0.8777923784494087,0.988173455978975,0.8830138797091871
105,7,irregular,3,240,225,15,197,43,28,0.8208333333333333,0.8755555555555555,1.0666666666666667,0.8473118279569891
105,8,regular,1,1006,1035,29,996,10,39,0.9900596421471173,0.9623188405797102,0.9719806763285024,0.9759921607055366
105,8,semiregular,1,821,827,6,730,91,97,0.8891595615103532,0.8827085852478839,0.992744860943168,0.8859223300970873
105,8,irregular,1,329,243,86,78,251,165,0.23708206686930092,0.32098765432098764,1.353909465020576,0.27272727272727276
105,8,regular,2,971,1035,64,960,11,75,0.9886714727085479,0.927536231884058,0.9381642512077295,0.9571286141575274
105,8,semiregular,2,841,827,14,736,105,91,0.8751486325802615,0.8899637243047158,1.0169286577992744,0.8824940047961631
105,8,irregular,2,328,243,85,60,268,183,0.18292682926829268,0.24691358024691357,1.3497942386831276,0.21015761821366022
105,8,regular,3,1053,1035,18,1031,22,4,0.9791073124406457,0.996135265700483,1.017391304347826,0.9875478927203065
105,8,semiregular,3,846,827,19,776,70,51,0.91725768321513,0.9383313180169287,1.022974607013301,0.9276748356246265
105,8,irregular,3,262,243,19,190,72,53,0.7251908396946565,0.7818930041152263,1.0781893004115226,0.7524752475247525
105,9,regular,1,1085,1107,22,1072,13,35,0.9880184331797235,0.9683830171635049,0.980126467931346,0.9781021897810218
105,9,semiregular,1,678,701,23,623,55,78,0.9188790560471977,0.8887303851640513,0.9671897289586305,0.9035532994923858
105,9,irregular,1,285,266,19,84,201,182,0.29473684210526313,0.3157894736842105,1.0714285714285714,0.3049001814882033
105,9,regular,2,1068,1107,39,1057,11,50,0.9897003745318352,0.95483288166215,0.964769647696477,0.9719540229885058
105,9,semiregular,2,654,701,47,606,48,95,0.926605504587156,0.8644793152639088,0.9329529243937232,0.8944649446494465
105,9,irregular,2,351,266,85,79,272,187,0.22507122507122507,0.29699248120300753,1.3195488721804511,0.2560777957860616
105,9,regular,3,1120,1107,13,1103,17,4,0.9848214285714286,0.996386630532972,1.0117434507678411,0.9905702739110913
105,9,semiregular,3,700,701,1,660,40,41,0.9428571428571428,0.9415121255349501,0.9985734664764622,0.9421841541755889
105,9,irregular,3,279,266,13,225,54,41,0.8064516129032258,0.8458646616541353,1.0488721804511278,0.8256880733944952
105,10,regular,1,987,1014,27,971,16,43,0.983789260385005,0.9575936883629191,0.9733727810650887,0.9705147426286856
105,10,semiregular,1,652,656,4,576,76,80,0.8834355828220859,0.8780487804878049,0.9939024390243902,0.8807339449541284
105,10,irregular,1,243,247,4,78,165,169,0.32098765432098764,0.3157894736842105,0.9838056680161943,0.3183673469387755
105,10,regular,2,996,1014,18,977,19,37,0.9809236947791165,0.9635108481262328,0.9822485207100592,0.972139303482587
105,10,semiregular,2,604,656,52,554,50,102,0.9172185430463576,0.8445121951219512,0.9207317073170732,0.8793650793650795
105,10,irregular,2,226,247,21,66,160,181,0.2920353982300885,0.26720647773279355,0.9149797570850202,0.27906976744186046
105,10,regular,3,1036,1014,22,1010,26,4,0.974903474903475,0.9960552268244576,1.0216962524654833,0.9853658536585366
105,10,semiregular,3,658,656,2,610,48,46,0.9270516717325228,0.9298780487804879,1.0030487804878048,0.9284627092846272
105,10,irregular,3,257,247,10,210,47,37,0.8171206225680934,0.8502024291497976,1.040485829959514,0.8333333333333333
105,11,regular,1,1041,1070,29,1034,7,36,0.9932756964457252,0.9663551401869159,0.9728971962616823,0.9796305068687826
105,11,semiregular,1,712,700,12,600,112,100,0.8426966292134831,0.8571428571428571,1.0171428571428571,0.8498583569405099
105,11,irregular,1,259,239,20,91,168,148,0.35135135135135137,0.3807531380753138,1.0836820083682008,0.3654618473895582
105,11,regular,2,1053,1070,17,1047,6,23,0.9943019943019943,0.9785046728971962,0.9841121495327103,0.9863400847856807
105,11,semiregular,2,677,700,23,588,89,112,0.8685376661742984,0.84,0.9671428571428572,0.8540305010893245
105,11,irregular,2,250,239,11,66,184,173,0.264,0.27615062761506276,1.0460251046025104,0.2699386503067485
105,11,regular,3,1090,1070,20,1067,23,3,0.9788990825688073,0.997196261682243,1.0186915887850467,0.9879629629629629
105,11,semiregular,3,704,700,4,643,61,57,0.9133522727272727,0.9185714285714286,1.0057142857142858,0.915954415954416
105,11,irregular,3,250,239,11,201,49,38,0.804,0.8410041841004184,1.0460251046025104,0.8220858895705522
105,12,regular,1,992,1007,15,982,10,25,0.9899193548387096,0.9751737835153923,0.9851042701092354,0.9824912456228114
105,12,semiregular,1,667,641,26,545,122,96,0.8170914542728636,0.8502340093603744,1.0405616224648986,0.8333333333333334
105,12,irregular,1,246,204,42,65,181,139,0.26422764227642276,0.31862745098039214,1.2058823529411764,0.2888888888888889
105,12,regular,2,986,1007,21,982,4,25,0.9959432048681541,0.9751737835153923,0.9791459781529295,0.9854490717511291
105,12,semiregular,2,616,641,25,510,106,131,0.827922077922078,0.7956318252730109,0.9609984399375975,0.81145584725537
105,12,irregular,2,219,204,15,47,172,157,0.2146118721461187,0.23039215686274508,1.0735294117647058,0.2222222222222222
105,12,regular,3,1018,1007,11,997,21,10,0.9793713163064833,0.9900695134061569,1.0109235352532273,0.9846913580246914
105,12,semiregular,3,661,641,20,577,84,64,0.8729198184568835,0.9001560062402496,1.031201248049922,0.8863287250384023
105,12,irregular,3,228,204,24,174,54,30,0.7631578947368421,0.8529411764705882,1.1176470588235294,0.8055555555555555
105,13,regular,1,989,1000,11,982,7,18,0.9929221435793731,0.982,0.989,0.987430869783811
105,13,semiregular,1,836,815,21,734,102,81,0.8779904306220095,0.9006134969325154,1.0257668711656442,0.8891580860084798
105,13,irregular,1,322,216,106,62,260,154,0.19254658385093168,0.28703703703703703,1.4907407407407407,0.2304832713754647
105,13,regular,2,983,1000,17,976,7,24,0.9928789420142421,0.976,0.983,0.9843671205244579
105,13,semiregular,2,779,815,36,698,81,117,0.8960205391527599,0.8564417177914111,0.9558282208588957,0.8757841907151819
105,13,irregular,2,270,216,54,43,227,173,0.15925925925925927,0.19907407407407407,1.25,0.17695473251028807
105,13,regular,3,1015,1000,15,998,17,2,0.9832512315270936,0.998,1.015,0.9905707196029777
105,13,semiregular,3,827,815,12,774,53,41,0.9359129383313181,0.9496932515337423,1.014723926380368,0.9427527405602923
105,13,irregular,3,238,216,22,187,51,29,0.7857142857142857,0.8657407407407407,1.1018518518518519,0.8237885462555066
105,14,regular,1,1026,1052,26,1019,7,33,0.99317738791423,0.9686311787072244,0.9752851711026616,0.9807507218479307
105,14,semiregular,1,871,913,42,779,92,134,0.894374282433984,0.8532311062431545,0.9539978094194962,0.8733183856502242
105,14,irregular,1,217,217,0,49,168,168,0.22580645161290322,0.22580645161290322,1.0,0.22580645161290322
105,14,regular,2,1025,1052,27,1018,7,34,0.9931707317073171,0.967680608365019,0.9743346007604563,0.980259990370727
105,14,semiregular,2,921,913,8,844,77,69,0.9163952225841476,0.9244249726177437,1.0087623220153341,0.9203925845147218
105,14,irregular,2,205,217,12,49,156,168,0.23902439024390243,0.22580645161290322,0.9447004608294931,0.23222748815165875
105,14,regular,3,1066,1052,14,1051,15,1,0.9859287054409006,0.9990494296577946,1.0133079847908746,0.9924457034938621
105,14,semiregular,3,851,913,62,768,83,145,0.9024676850763808,0.8411829134720701,0.932092004381161,0.8707482993197277
105,14,irregular,3,247,217,30,186,61,31,0.7530364372469636,0.8571428571428571,1.1382488479262673,0.8017241379310345
105,15,regular,1,915,964,49,908,7,56,0.9923497267759562,0.941908713692946,0.9491701244813278,0.9664715274081958
105,15,semiregular,1,768,774,6,679,89,95,0.8841145833333334,0.8772609819121447,0.9922480620155039,0.880674448767834
105,15,irregular,1,277,218,59,67,210,151,0.24187725631768953,0.3073394495412844,1.2706422018348624,0.27070707070707073
105,15,regular,2,927,964,37,921,6,43,0.9935275080906149,0.9553941908713693,0.9616182572614108,0.9740877842411423
105,15,semiregular,2,770,774,4,692,78,82,0.8987012987012987,0.8940568475452196,0.9948320413436692,0.8963730569948186
105,15,irregular,2,249,218,31,59,190,159,0.23694779116465864,0.2706422018348624,1.1422018348623852,0.25267665952890794
105,15,regular,3,984,964,20,964,20,0,0.9796747967479674,1.0,1.020746887966805,0.9897330595482546
105,15,semiregular,3,783,774,9,729,54,45,0.9310344827586207,0.9418604651162791,1.0116279069767442,0.9364161849710984
105,15,irregular,3,228,218,10,189,39,29,0.8289473684210527,0.8669724770642202,1.0458715596330275,0.8475336322869955
105,16,regular,1,1073,1109,36,1065,8,44,0.9925442684063374,0.9603246167718665,0.9675383228133454,0.9761686526122824
105,16,semiregular,1,745,681,64,620,125,61,0.8322147651006712,0.9104258443465492,1.0939794419970632,0.8695652173913043
105,16,irregular,1,261,272,11,79,182,193,0.30268199233716475,0.29044117647058826,0.9595588235294118,0.2964352720450282
105,16,regular,2,1089,1109,20,1077,12,32,0.9889807162534435,0.9711451758340848,0.981965734896303,0.9799818016378525
105,16,semiregular,2,680,681,1,581,99,100,0.8544117647058823,0.8531571218795888,0.9985315712187959,0.8537839823659075
105,16,irregular,2,194,272,78,61,133,211,0.31443298969072164,0.22426470588235295,0.7132352941176471,0.26180257510729615
105,16,regular,3,1130,1109,21,1106,24,3,0.9787610619469026,0.9972948602344455,1.0189359783588818,0.9879410451094238
105,16,semiregular,3,672,681,9,608,64,73,0.9047619047619048,0.8928046989720999,0.986784140969163,0.8987435328898743
105,16,irregular,3,271,272,1,220,51,52,0.8118081180811808,0.8088235294117647,0.9963235294117647,0.8103130755064457
105,17,regular,1,1012,1029,17,1004,8,25,0.9920948616600791,0.9757045675413022,0.9834791059280855,0.9838314551690348
105,17,semiregular,1,823,837,14,721,102,116,0.8760631834750912,0.8614097968936678,0.983273596176822,0.8686746987951808
105,17,irregular,1,295,240,55,73,222,167,0.24745762711864408,0.30416666666666664,1.2291666666666667,0.27289719626168224
105,17,regular,2,975,1029,54,971,4,58,0.9958974358974358,0.9436345966958212,0.9475218658892128,0.969061876247505
105,17,semiregular,2,840,837,3,751,89,86,0.8940476190476191,0.8972520908004779,1.003584229390681,0.8956469886702445
105,17,irregular,2,254,240,14,57,197,183,0.22440944881889763,0.2375,1.0583333333333333,0.23076923076923075
105,17,regular,3,1045,1029,16,1027,18,2,0.9827751196172249,0.9980563654033042,1.0155490767735667,0.9903567984570877
105,17,semiregular,3,844,837,7,786,58,51,0.9312796208530806,0.9390681003584229,1.008363201911589,0.9351576442593693
105,17,irregular,3,262,240,22,200,62,40,0.7633587786259542,0.8333333333333334,1.0916666666666666,0.796812749003984
105,18,regular,1,1004,1044,40,996,8,48,0.9920318725099602,0.9540229885057471,0.9616858237547893,0.9726562499999999
105,18,semiregular,1,851,801,50,738,113,63,0.8672150411280846,0.9213483146067416,1.062421972534332,0.8934624697336562
105,18,irregular,1,265,252,13,84,181,168,0.3169811320754717,0.3333333333333333,1.0515873015873016,0.32495164410058025
105,18,regular,2,1002,1044,42,997,5,47,0.9950099800399201,0.9549808429118773,0.9597701149425287,0.9745845552297164
105,18,semiregular,2,790,801,11,720,70,81,0.9113924050632911,0.898876404494382,0.9862671660424469,0.9050911376492772
105,18,irregular,2,191,252,61,61,130,191,0.3193717277486911,0.24206349206349206,0.7579365079365079,0.27539503386004516
105,18,regular,3,1067,1044,23,1043,24,1,0.9775070290534208,0.9990421455938697,1.0220306513409962,0.9881572714353387
105,18,semiregular,3,818,801,17,767,51,34,0.9376528117359413,0.9575530586766542,1.021223470661673,0.9474984558369364
105,18,irregular,3,266,252,14,218,48,34,0.8195488721804511,0.8650793650793651,1.0555555555555556,0.8416988416988417
105,19,regular,1,1055,1076,21,1046,9,30,0.9914691943127962,0.9721189591078067,0.9804832713754646,0.9816987329892068
105,19,semiregular,1,760,753,7,676,84,77,0.8894736842105263,0.897742363877822,1.0092961487383798,0.8935888962326504
105,19,irregular,1,244,245,1,90,154,155,0.36885245901639346,0.3673469387755102,0.9959183673469387,0.36809815950920244
105,19,regular,2,1057,1076,19,1050,7,26,0.9933774834437086,0.9758364312267658,0.9823420074349443,0.9845288326300984
105,19,semiregular,2,723,753,30,645,78,108,0.8921161825726142,0.8565737051792829,0.9601593625498008,0.8739837398373984
105,19,irregular,2,243,245,2,114,129,131,0.4691358024691358,0.46530612244897956,0.9918367346938776,0.4672131147540983
105,19,regular,3,1095,1076,19,1073,22,3,0.9799086757990868,0.9972118959107806,1.0176579925650557,0.9884845693228926
105,19,semiregular,3,746,753,7,695,51,58,0.9316353887399463,0.9229747675962815,0.9907038512616202,0.9272848565710473
105,19,irregular,3,261,245,16,204,57,41,0.7816091954022989,0.8326530612244898,1.0653061224489795,0.8063241106719367
105,20,regular,1,1214,1251,37,1206,8,45,0.9934102141680395,0.9640287769784173,0.9704236610711431,0.9784989858012171
105,20,semiregular,1,856,841,15,741,115,100,0.8656542056074766,0.8810939357907254,1.0178359096313911,0.873305833824396
105,20,irregular,1,286,252,34,115,171,137,0.4020979020979021,0.45634920634920634,1.1349206349206349,0.42750929368029744
105,20,regular,2,1159,1251,92,1154,5,97,0.9956859361518551,0.9224620303756994,0.926458832933653,0.9576763485477178
105,20,semiregular,2,857,841,16,739,118,102,0.8623103850641773,0.8787158145065398,1.019024970273484,0.8704358068315665
105,20,irregular,2,244,252,8,163,81,89,0.6680327868852459,0.6468253968253969,0.9682539682539683,0.657258064516129
105,20,regular,3,1274,1251,23,1247,27,4,0.978806907378336,0.996802557953637,1.0183852917665868,0.9877227722772277
105,20,semiregular,3,858,841,17,771,87,70,0.8986013986013986,0.9167657550535078,1.0202140309155767,0.9075927015891702
105,20,irregular,3,269,252,17,215,54,37,0.7992565055762082,0.8531746031746031,1.0674603174603174,0.8253358925143953
105,21,regular,1,911,920,9,901,10,19,0.9890230515916575,0.9793478260869565,0.9902173913043478,0.9841616602949207
105,21,semiregular,1,690,549,141,493,197,56,0.7144927536231884,0.8979963570127505,1.2568306010928962,0.7958030669895076
105,21,irregular,1,266,204,62,78,188,126,0.2932330827067669,0.38235294117647056,1.303921568627451,0.3319148936170213
105,21,regular,2,895,920,25,889,6,31,0.9932960893854749,0.966304347826087,0.9728260869565217,0.9796143250688706
105,21,semiregular,2,626,549,77,499,127,50,0.7971246006389776,0.9089253187613844,1.1402550091074681,0.8493617021276596
105,21,irregular,2,261,204,57,106,155,98,0.4061302681992337,0.5196078431372549,1.2794117647058822,0.4559139784946237
105,21,regular,3,934,920,14,915,19,5,0.9796573875802997,0.9945652173913043,1.0152173913043478,0.9870550161812298
105,21,semiregular,3,548,549,1,446,102,103,0.8138686131386861,0.8123861566484517,0.9981785063752276,0.8131267092069279
105,21,irregular,3,219,204,15,180,39,24,0.821917808219178,0.8823529411764706,1.0735294117647058,0.8510638297872339
105,22,regular,1,929,946,17,910,19,36,0.9795479009687836,0.9619450317124736,0.9820295983086681,0.9706666666666667
105,22,semiregular,1,740,703,37,621,119,82,0.8391891891891892,0.883357041251778,1.0526315789473684,0.8607068607068608
105,22,irregular,1,253,247,6,80,173,167,0.31620553359683795,0.32388663967611336,1.0242914979757085,0.32
105,22,regular,2,929,946,17,923,6,23,0.9935414424111948,0.9756871035940803,0.9820295983086681,0.9845333333333334
105,22,semiregular,2,670,703,33,576,94,127,0.8597014925373134,0.8193456614509246,0.9530583214793741,0.8390386016023308
105,22,irregular,2,189,247,58,53,136,194,0.2804232804232804,0.2145748987854251,0.7651821862348178,0.24311926605504589
105,22,regular,3,925,946,21,903,22,43,0.9762162162162162,0.9545454545454546,0.9778012684989429,0.9652592196686264
105,22,semiregular,3,698,703,5,634,64,69,0.9083094555873925,0.9018492176386913,0.9928876244665719,0.9050678087080657
105,22,irregular,3,261,247,14,203,58,44,0.7777777777777778,0.8218623481781376,1.05668016194332,0.7992125984251969
105,23,regular,1,971,999,28,961,10,38,0.9897013388259527,0.9619619619619619,0.9719719719719719,0.9756345177664976
105,23,semiregular,1,869,835,34,753,116,82,0.8665132336018412,0.9017964071856287,1.0407185628742515,0.8838028169014084
105,23,irregular,1,276,266,10,51,225,215,0.18478260869565216,0.19172932330827067,1.037593984962406,0.1881918819188192
105,23,regular,2,963,999,36,958,5,41,0.9948078920041536,0.958958958958959,0.963963963963964,0.9765545361875636
105,23,semiregular,2,793,835,42,696,97,139,0.8776796973518285,0.8335329341317366,0.9497005988023952,0.855036855036855
105,23,irregular,2,268,266,2,44,224,222,0.16417910447761194,0.16541353383458646,1.0075187969924813,0.1647940074906367
105,23,regular,3,1012,999,13,988,24,11,0.9762845849802372,0.988988988988989,1.013013013013013,0.9825957235206365
105,23,semiregular,3,849,835,14,768,81,67,0.9045936395759717,0.9197604790419162,1.0167664670658683,0.9121140142517814
105,23,irregular,3,290,266,24,211,79,55,0.7275862068965517,0.793233082706767,1.0902255639097744,0.7589928057553958
105,24,regular,1,1043,1079,36,1034,9,45,0.9913710450623202,0.9582947173308619,0.9666357738646896,0.9745523091423186
105,24,semiregular,1,632,680,48,572,60,108,0.9050632911392406,0.8411764705882353,0.9294117647058824,0.8719512195121951
105,24,irregular,1,306,247,59,72,234,175,0.23529411764705882,0.291497975708502,1.2388663967611335,0.2603978300180832
105,24,regular,2,1039,1079,40,1030,9,49,0.9913378248315688,0.9545875810936052,0.9629286376274329,0.9726156751652503
105,24,semiregular,2,626,680,54,568,58,112,0.9073482428115016,0.8352941176470589,0.9205882352941176,0.8698315467075038
105,24,irregular,2,244,247,3,42,202,205,0.1721311475409836,0.1700404858299595,0.9878542510121457,0.1710794297352342
105,24,regular,3,1097,1079,18,1077,20,2,0.9817684594348223,0.9981464318813716,1.0166821130676553,0.9898897058823529
105,24,semiregular,3,682,680,2,639,43,41,0.9369501466275659,0.9397058823529412,1.0029411764705882,0.9383259911894273
105,24,irregular,3,264,247,17,227,37,20,0.8598484848484849,0.9190283400809717,1.0688259109311742,0.8884540117416829
105,25,regular,1,906,946,40,898,8,48,0.9911699779249448,0.9492600422832981,0.9577167019027484,0.9697624190064795
105,25,semiregular,1,726,718,8,595,131,123,0.8195592286501377,0.8286908077994429,1.011142061281337,0.8240997229916898
105,25,irregular,1,447,207,240,53,394,154,0.1185682326621924,0.2560386473429952,2.1594202898550723,0.16207951070336393
105,25,regular,2,924,946,22,916,8,30,0.9913419913419913,0.9682875264270613,0.9767441860465116,0.9796791443850267
105,25,semiregular,2,723,718,5,590,133,128,0.8160442600276625,0.8217270194986073,1.0069637883008355,0.8188757807078418
105,25,irregular,2,577,207,370,83,494,124,0.1438474870017331,0.40096618357487923,2.78743961352657,0.21173469387755103
105,25,regular,3,912,946,34,907,5,39,0.9945175438596491,0.9587737843551797,0.9640591966173362,0.976318622174381
105,25,semiregular,3,674,718,44,596,78,122,0.884272997032641,0.83008356545961,0.9387186629526463,0.8563218390804598
105,25,irregular,3,242,207,35,149,93,58,0.6157024793388429,0.7198067632850241,1.1690821256038648,0.6636971046770601
105,26,regular,1,1119,985,134,985,134,0,0.8802502234137622,1.0,1.1360406091370558,0.9363117870722433
105,26,semiregular,1,753,720,33,599,154,121,0.795484727755644,0.8319444444444445,1.0458333333333334,0.813306177868296
105,26,irregular,1,259,214,45,52,207,162,0.20077220077220076,0.24299065420560748,1.2102803738317758,0.21987315010570824
105,26,regular,2,1228,985,243,955,273,30,0.7776872964169381,0.9695431472081218,1.2467005076142132,0.8630817894261185
105,26,semiregular,2,427,720,293,374,53,346,0.8758782201405152,0.5194444444444445,0.5930555555555556,0.6521360069747167
105,26,irregular,2,216,214,2,43,173,171,0.19907407407407407,0.20093457943925233,1.0093457943925233,0.2
105,26,regular,3,1068,985,83,982,86,3,0.9194756554307116,0.9969543147208122,1.084263959390863,0.9566488066244521
105,26,semiregular,3,718,720,2,645,73,75,0.8983286908077994,0.8958333333333334,0.9972222222222222,0.8970792767732964
105,26,irregular,3,308,214,94,184,124,30,0.5974025974025974,0.8598130841121495,1.439252336448598,0.7049808429118773
105,27,regular,1,1091,1166,75,1070,21,96,0.9807516040329972,0.9176672384219554,0.9356775300171527,0.9481612760301285
105,27,semiregular,1,814,728,86,598,216,130,0.7346437346437347,0.8214285714285714,1.1181318681318682,0.775616083009079
105,27,irregular,1,405,270,135,61,344,209,0.1506172839506173,0.22592592592592592,1.5,0.18074074074074076
105,27,regular,2,1182,1166,16,1146,36,20,0.9695431472081218,0.9828473413379074,1.0137221269296741,0.9761499148211243
105,27,semiregular,2,762,728,34,614,148,114,0.8057742782152231,0.8434065934065934,1.0467032967032968,0.8241610738255034
105,27,irregular,2,360,270,90,53,307,217,0.14722222222222223,0.1962962962962963,1.3333333333333333,0.16825396825396824
105,27,regular,3,1195,1166,29,1154,41,12,0.9656903765690377,0.9897084048027445,1.0248713550600344,0.9775518847945786
105,27,semiregular,3,723,728,5,660,63,68,0.9128630705394191,0.9065934065934066,0.9931318681318682,0.9097174362508614
105,27,irregular,3,261,270,9,218,43,52,0.8352490421455939,0.8074074074074075,0.9666666666666667,0.8210922787193974
105,28,regular,1,831,1098,267,814,17,284,0.9795427196149218,0.7413479052823315,0.7568306010928961,0.8439606013478486
105,28,semiregular,1,886,859,27,716,170,143,0.8081264108352144,0.8335273573923166,1.031431897555297,0.8206303724928365
105,28,irregular,1,485,293,192,67,418,226,0.13814432989690723,0.22866894197952217,1.6552901023890785,0.1722365038560411
105,28,regular,2,1077,1098,21,1054,23,44,0.978644382544104,0.9599271402550091,0.9808743169398907,0.9691954022988506
105,28,semiregular,2,868,859,9,717,151,142,0.826036866359447,0.8346915017462165,1.010477299185099,0.8303416328894035
105,28,irregular,2,1035,293,742,147,888,146,0.14202898550724638,0.5017064846416383,3.532423208191126,0.2213855421686747
105,28,regular,3,1189,1098,91,1098,91,0,0.9234650967199327,1.0,1.0828779599271403,0.960209881941408
105,28,semiregular,3,781,859,78,696,85,163,0.8911651728553137,0.810244470314319,0.9091967403958091,0.8487804878048781
105,28,irregular,3,291,293,2,177,114,116,0.6082474226804123,0.6040955631399317,0.9931740614334471,0.6061643835616438
105,29,regular,1,1123,1140,17,1108,15,32,0.9866429207479964,0.9719298245614035,0.9850877192982456,0.9792311091471498
105,29,semiregular,1,907,869,38,714,193,155,0.7872105843439912,0.8216340621403913,1.0437284234752588,0.804054054054054
105,29,irregular,1,262,247,15,50,212,197,0.19083969465648856,0.20242914979757085,1.0607287449392713,0.19646365422396858
105,29,regular,2,1166,1140,26,1130,36,10,0.9691252144082333,0.9912280701754386,1.0228070175438597,0.9800520381613184
105,29,semiregular,2,1031,869,162,822,209,47,0.7972841901066925,0.9459148446490219,1.186421173762946,0.8652631578947367
105,29,irregular,2,247,247,0,42,205,205,0.1700404858299595,0.1700404858299595,1.0,0.1700404858299595
105,29,regular,3,858,1140,282,851,7,289,0.9918414918414918,0.7464912280701754,0.7526315789473684,0.8518518518518517
105,29,semiregular,3,940,869,71,738,202,131,0.7851063829787234,0.8492520138089759,1.0817031070195626,0.8159203980099502
105,29,irregular,3,278,247,31,210,68,37,0.7553956834532374,0.8502024291497976,1.125506072874494,0.8
105,30,regular,1,948,997,49,929,19,68,0.979957805907173,0.9317953861584755,0.950852557673019,0.9552699228791774
105,30,semiregular,1,729,810,81,627,102,183,0.8600823045267489,0.774074074074074,0.9,0.8148148148148148
105,30,irregular,1,548,250,298,57,491,193,0.10401459854014598,0.228,2.192,0.14285714285714288
105,30,regular,2,966,997,31,957,9,40,0.9906832298136646,0.9598796389167502,0.9689067201604814,0.9750382068262863
105,30,semiregular,2,711,810,99,615,96,195,0.8649789029535865,0.7592592592592593,0.8777777777777778,0.8086785009861932
105,30,irregular,2,546,250,296,66,480,184,0.12087912087912088,0.264,2.184,0.16582914572864318
105,30,regular,3,1007,997,10,991,16,6,0.9841112214498511,0.9939819458375125,1.0100300902708124,0.9890219560878244
105,30,semiregular,3,769,810,41,712,57,98,0.9258777633289987,0.8790123456790123,0.9493827160493827,0.9018366054464851
105,30,irregular,3,296,250,46,192,104,58,0.6486486486486487,0.768,1.184,0.7032967032967034
120,1,regular,1,958,937,21,918,40,19,0.9582463465553236,0.9797225186766275,1.0224119530416222,0.9688654353562005
120,1,semiregular,1,769,703,66,612,157,91,0.7958387516254877,0.8705547652916074,1.0938833570412518,0.8315217391304347
120,1,irregular,1,175,199,24,84,91,115,0.48,0.4221105527638191,0.8793969849246231,0.4491978609625668
120,1,regular,2,934,937,3,918,16,19,0.9828693790149893,0.9797225186766275,0.9967982924226254,0.9812934259754141
120,1,semiregular,2,663,703,40,561,102,142,0.8461538461538461,0.7980085348506402,0.9431009957325747,0.821376281112738
120,1,irregular,2,163,199,36,71,92,128,0.43558282208588955,0.35678391959798994,0.8190954773869347,0.3922651933701657
120,1,regular,3,937,937,0,919,18,18,0.9807897545357525,0.9807897545357525,1.0,0.9807897545357525
120,1,semiregular,3,734,703,31,632,102,71,0.8610354223433242,0.89900426742532,1.0440967283072546,0.8796102992345163
120,1,irregular,3,204,199,5,152,52,47,0.7450980392156863,0.7638190954773869,1.0251256281407035,0.7543424317617866
120,2,regular,1,1193,1224,31,1176,17,48,0.9857502095557418,0.9607843137254902,0.9746732026143791,0.9731071576334299
120,2,semiregular,1,599,647,48,545,54,102,0.9098497495826378,0.8423493044822257,0.9258114374034003,0.8747993579454255
120,2,irregular,1,212,217,5,80,132,137,0.37735849056603776,0.3686635944700461,0.9769585253456221,0.372960372960373
120,2,regular,2,1226,1224,2,1214,12,10,0.9902120717781403,0.9918300653594772,1.0016339869281046,0.9910204081632652
120,2,semiregular,2,621,647,26,577,44,70,0.92914653784219,0.8918083462132921,0.9598145285935085,0.9100946372239748
120,2,irregular,2,305,217,88,158,147,59,0.5180327868852459,0.728110599078341,1.4055299539170507,0.6053639846743295
120,2,regular,3,1219,1224,5,1205,14,19,0.9885151763740772,0.9844771241830066,0.9959150326797386,0.9864920180106427
120,2,semiregular,3,627,647,20,588,39,59,0.937799043062201,0.9088098918083463,0.9690880989180835,0.9230769230769231
120,2,irregular,3,183,217,34,137,46,80,0.7486338797814208,0.631336405529954,0.8433179723502304,0.685
120,3,regular,1,1031,1053,22,1021,10,32,0.9903006789524733,0.9696106362773029,0.9791073124406457,0.9798464491362764
120,3,semiregular,1,662,716,54,576,86,140,0.8700906344410876,0.8044692737430168,0.9245810055865922,0.8359941944847606
120,3,irregular,1,223,224,1,92,131,132,0.4125560538116592,0.4107142857142857,0.9955357142857143,0.4116331096196868
120,3,regular,2,1043,1053,10,1038,5,15,0.9952061361457335,0.9857549857549858,0.9905033238366572,0.9904580152671756
120,3,semiregular,2,682,716,34,603,79,113,0.8841642228739003,0.8421787709497207,0.952513966480447,0.8626609442060086
120,3,irregular,2,209,224,15,94,115,130,0.44976076555023925,0.41964285714285715,0.9330357142857143,0.43418013856812937
120,3,regular,3,1060,1053,7,1047,13,6,0.9877358490566037,0.9943019943019943,1.00664767331434,0.9910080454330336
120,3,semiregular,3,717,716,1,656,61,60,0.9149232914923291,0.9162011173184358,1.0013966480446927,0.9155617585484996
120,3,irregular,3,234,224,10,177,57,47,0.7564102564102564,0.7901785714285714,1.0446428571428572,0.7729257641921397
120,4,regular,1,1062,1101,39,1052,10,49,0.9905838041431262,0.9554950045413261,0.9645776566757494,0.9727230698104484
120,4,semiregular,1,642,614,28,523,119,91,0.8146417445482866,0.8517915309446255,1.0456026058631922,0.8328025477707006
120,4,irregular,1,219,228,9,81,138,147,0.3698630136986301,0.35526315789473684,0.9605263157894737,0.36241610738255026
120,4,regular,2,1090,1101,11,1081,9,20,0.9917431192660551,0.9818346957311535,0.9900090826521344,0.9867640346873574
120,4,semiregular,2,617,614,3,513,104,101,0.8314424635332253,0.8355048859934854,1.004885993485342,0.8334687246141349
120,4,irregular,2,284,228,56,128,156,100,0.4507042253521127,0.5614035087719298,1.2456140350877194,0.5
120,4,regular,3,1091,1101,10,1087,4,14,0.9963336388634281,0.9872842870118075,0.9909173478655767,0.9917883211678833
120,4,semiregular,3,636,614,22,554,82,60,0.8710691823899371,0.9022801302931596,1.0358306188925082,0.8864
120,4,irregular,3,243,228,15,179,64,49,0.7366255144032922,0.7850877192982456,1.0657894736842106,0.7600849256900212
120,5,regular,1,1035,1044,9,1026,9,18,0.991304347826087,0.9827586206896551,0.9913793103448276,0.9870129870129869
120,5,semiregular,1,736,668,68,572,164,96,0.7771739130434783,0.8562874251497006,1.1017964071856288,0.8148148148148148
120,5,irregular,1,280,217,63,105,175,112,0.375,0.4838709677419355,1.2903225806451613,0.4225352112676056
120,5,regular,2,1038,1044,6,1033,5,11,0.9951830443159922,0.9894636015325671,0.9942528735632183,0.9923150816522575
120,5,semiregular,2,691,668,23,569,122,99,0.8234442836468886,0.8517964071856288,1.034431137724551,0.8373804267844003
120,5,irregular,2,208,217,9,51,157,166,0.24519230769230768,0.2350230414746544,0.9585253456221198,0.24
120,5,regular,3,1049,1044,5,1042,7,2,0.9933269780743565,0.9980842911877394,1.0047892720306513,0.9956999522216914
120,5,semiregular,3,687,668,19,603,84,65,0.8777292576419214,0.9026946107784432,1.028443113772455,0.8900369003690037
120,5,irregular,3,230,217,13,167,63,50,0.7260869565217392,0.7695852534562212,1.0599078341013826,0.7472035794183446
120,6,regular,1,897,915,18,885,12,30,0.9866220735785953,0.9672131147540983,0.980327868852459,0.9768211920529801
120,6,semiregular,1,671,701,30,571,100,130,0.8509687034277198,0.8145506419400856,0.9572039942938659,0.8323615160349855
120,6,irregular,1,233,195,38,59,174,136,0.2532188841201717,0.30256410256410254,1.1948717948717948,0.2757009345794392
120,6,regular,2,912,915,3,901,11,14,0.9879385964912281,0.9846994535519126,0.9967213114754099,0.9863163656267104
120,6,semiregular,2,674,701,27,595,79,106,0.8827893175074184,0.8487874465049928,0.9614835948644793,0.8654545454545455
120,6,irregular,2,222,195,27,92,130,103,0.4144144144144144,0.4717948717948718,1.1384615384615384,0.44124700239808157
120,6,regular,3,936,915,21,912,24,3,0.9743589743589743,0.9967213114754099,1.022950819672131,0.9854132901134521
120,6,semiregular,3,713,701,12,646,67,55,0.906030855539972,0.9215406562054208,1.0171184022824535,0.9137199434229137
120,6,irregular,3,197,195,2,152,45,43,0.7715736040609137,0.7794871794871795,1.0102564102564102,0.7755102040816326
120,7,regular,1,1241,1230,11,1220,21,10,0.9830781627719581,0.991869918699187,1.0089430894308944,0.9874544718737354
120,7,semiregular,1,742,761,19,623,119,138,0.839622641509434,0.8186596583442839,0.9750328515111695,0.829008649367931
120,7,irregular,1,237,225,12,76,161,149,0.3206751054852321,0.3377777777777778,1.0533333333333332,0.329004329004329
120,7,regular,2,1214,1230,16,1206,8,24,0.9934102141680395,0.9804878048780488,0.9869918699186991,0.9869067103109657
120,7,semiregular,2,743,761,18,622,121,139,0.8371467025572006,0.8173455978975033,0.9763469119579501,0.8271276595744681
120,7,irregular,2,256,225,31,58,198,167,0.2265625,0.2577777777777778,1.1377777777777778,0.24116424116424115
120,7,regular,3,1235,1230,5,1223,12,7,0.9902834008097166,0.9943089430894309,1.0040650406504066,0.9922920892494927
120,7,semiregular,3,770,761,9,676,94,85,0.8779220779220779,0.8883048620236531,1.011826544021025,0.8830829523187459
120,7,irregular,3,232,225,7,185,47,40,0.7974137931034483,0.8222222222222222,1.031111111111111,0.8096280087527353
120,8,regular,1,1024,1035,11,1007,17,28,0.9833984375,0.9729468599033816,0.9893719806763285,0.9781447304516755
120,8,semiregular,1,804,827,23,721,83,106,0.8967661691542289,0.871825876662636,0.9721886336154776,0.8841201716738197
120,8,irregular,1,298,243,55,87,211,156,0.29194630872483224,0.35802469135802467,1.2263374485596708,0.32162661737523107
120,8,regular,2,1044,1035,9,1027,17,8,0.9837164750957854,0.9922705314009662,1.008695652173913,0.9879749879749881
120,8,semiregular,2,808,827,19,713,95,114,0.8824257425742574,0.8621523579201935,0.9770253929866989,0.8721712538226299
120,8,irregular,2,323,243,80,54,269,189,0.16718266253869968,0.2222222222222222,1.3292181069958848,0.1908127208480565
120,8,regular,3,1035,1035,0,1027,8,8,0.9922705314009662,0.9922705314009662,1.0,0.9922705314009662
120,8,semiregular,3,833,827,6,760,73,67,0.9123649459783914,0.9189842805320435,1.0072551390568318,0.9156626506024097
120,8,irregular,3,247,243,4,179,68,64,0.7246963562753036,0.7366255144032922,1.0164609053497942,0.7306122448979592
120,9,regular,1,1122,1107,15,1099,23,8,0.9795008912655971,0.992773261065944,1.013550135501355,0.9860924181247195
120,9,semiregular,1,677,701,24,623,54,78,0.9202363367799113,0.8887303851640513,0.9657631954350927,0.9042089985486212
120,9,irregular,1,270,266,4,91,179,175,0.337037037037037,0.34210526315789475,1.0150375939849625,0.3395522388059702
120,9,regular,2,1095,1107,12,1090,5,17,0.9954337899543378,0.9846431797651309,0.989159891598916,0.9900090826521345
120,9,semiregular,2,661,701,40,612,49,89,0.9258698940998488,0.8730385164051355,0.9429386590584878,0.8986784140969164
120,9,irregular,2,208,266,58,40,168,226,0.19230769230769232,0.15037593984962405,0.7819548872180451,0.1687763713080169
120,9,regular,3,1121,1107,14,1103,18,4,0.983942908117752,0.996386630532972,1.012646793134598,0.9901256732495511
120,9,semiregular,3,708,701,7,662,46,39,0.9350282485875706,0.9443651925820257,1.0099857346647647,0.9396735273243435
120,9,irregular,3,266,266,0,211,55,55,0.793233082706767,0.793233082706767,1.0,0.793233082706767
120,10,regular,1,1011,1014,3,987,24,27,0.9762611275964391,0.9733727810650887,0.9970414201183432,0.9748148148148148
120,10,semiregular,1,641,656,15,574,67,82,0.8954758190327613,0.875,0.9771341463414634,0.8851195065535852
120,10,irregular,1,221,247,26,72,149,175,0.3257918552036199,0.291497975708502,0.8947368421052632,0.30769230769230765
120,10,regular,2,1007,1014,7,997,10,17,0.9900695134061569,0.9832347140039448,0.9930966469428008,0.9866402770905492
120,10,semiregular,2,599,656,57,544,55,112,0.9081803005008348,0.8292682926829268,0.913109756097561,0.8669322709163347
120,10,irregular,2,250,247,3,66,184,181,0.264,0.26720647773279355,1.0121457489878543,0.2655935613682092
120,10,regular,3,1017,1014,3,1008,9,6,0.9911504424778761,0.9940828402366864,1.0029585798816567,0.9926144756277695
120,10,semiregular,3,667,656,11,608,59,48,0.9115442278860569,0.926829268292683,1.016768292682927,0.9191232048374905
120,10,irregular,3,253,247,6,210,43,37,0.8300395256916996,0.8502024291497976,1.0242914979757085,0.8400000000000001
120,11,regular,1,1060,1070,10,1051,9,19,0.9915094339622641,0.9822429906542056,0.9906542056074766,0.9868544600938967
120,11,semiregular,1,688,700,12,579,109,121,0.8415697674418605,0.8271428571428572,0.9828571428571429,0.8342939481268012
120,11,irregular,1,244,239,5,90,154,149,0.36885245901639346,0.37656903765690375,1.0209205020920502,0.3726708074534161
120,11,regular,2,1071,1070,1,1063,8,7,0.992530345471522,0.9934579439252337,1.0009345794392523,0.9929939280709948
120,11,semiregular,2,673,700,27,582,91,118,0.8647845468053492,0.8314285714285714,0.9614285714285714,0.8477785870356883
120,11,irregular,2,209,239,30,54,155,185,0.2583732057416268,0.22594142259414227,0.8744769874476988,0.24107142857142858
120,11,regular,3,1079,1070,9,1069,10,1,0.9907321594068582,0.9990654205607477,1.0084112149532711,0.9948813401582132
120,11,semiregular,3,709,700,9,636,73,64,0.8970380818053597,0.9085714285714286,1.012857142857143,0.9027679205110007
120,11,irregular,3,239,239,0,188,51,51,0.7866108786610879,0.7866108786610879,1.0,0.7866108786610879
120,12,regular,1,1003,1007,4,990,13,17,0.9870388833499502,0.9831181727904668,0.9960278053624627,0.9850746268656717
120,12,semiregular,1,659,641,18,533,126,108,0.8088012139605463,0.8315132605304212,1.0280811232449298,0.82
120,12,irregular,1,226,204,22,60,166,144,0.26548672566371684,0.29411764705882354,1.107843137254902,0.2790697674418605
120,12,regular,2,1003,1007,4,998,5,9,0.9950149551345963,0.9910625620655412,0.9960278053624627,0.9930348258706468
120,12,semiregular,2,616,641,25,504,112,137,0.8181818181818182,0.7862714508580343,0.9609984399375975,0.8019093078758951
120,12,irregular,2,203,204,1,44,159,160,0.21674876847290642,0.21568627450980393,0.9950980392156863,0.21621621621621623
120,12,regular,3,989,1007,18,982,7,25,0.9929221435793731,0.9751737835153923,0.9821251241310824,0.9839679358717436
120,12,semiregular,3,657,641,16,575,82,66,0.8751902587519026,0.8970358814352574,1.0249609984399375,0.8859784283513096
120,12,irregular,3,224,204,20,163,61,41,0.7276785714285714,0.7990196078431373,1.0980392156862746,0.7616822429906541
120,13,regular,1,1005,1000,5,992,13,8,0.9870646766169154,0.992,1.005,0.9895261845386534
120,13,semiregular,1,830,815,15,731,99,84,0.880722891566265,0.8969325153374234,1.01840490797546,0.8887537993920973
120,13,irregular,1,314,216,98,68,246,148,0.21656050955414013,0.3148148148148148,1.4537037037037037,0.25660377358490566
120,13,regular,2,979,1000,21,976,3,24,0.9969356486210419,0.976,0.979,0.9863567458312279
120,13,semiregular,2,775,815,40,700,75,115,0.9032258064516129,0.8588957055214724,0.950920245398773,0.8805031446540881
120,13,irregular,2,287,216,71,37,250,179,0.1289198606271777,0.1712962962962963,1.3287037037037037,0.147117296222664
120,13,regular,3,1001,1000,1,993,8,7,0.9920079920079921,0.993,1.001,0.9925037481259369
120,13,semiregular,3,824,815,9,768,56,47,0.9320388349514563,0.9423312883435583,1.011042944785276,0.9371568029286151
120,13,irregular,3,226,216,10,175,51,41,0.7743362831858407,0.8101851851851852,1.0462962962962963,0.7918552036199095
120,14,regular,1,1036,1052,16,1025,11,27,0.9893822393822393,0.9743346007604563,0.9847908745247148,0.981800766283525
120,14,semiregular,1,860,913,53,761,99,152,0.8848837209302326,0.8335158817086528,0.9419496166484118,0.8584320360970108
120,14,irregular,1,203,217,14,52,151,165,0.2561576354679803,0.23963133640552994,0.9354838709677419,0.24761904761904766
120,14,regular,2,1043,1052,9,1040,3,12,0.99712368168744,0.9885931558935361,0.9914448669201521,0.9928400954653938
120,14,semiregular,2,896,913,17,825,71,88,0.9207589285714286,0.9036144578313253,0.9813800657174151,0.9121061359867331
120,14,irregular,2,212,217,5,48,164,169,0.22641509433962265,0.22119815668202766,0.9769585253456221,0.2237762237762238
120,14,regular,3,1060,1052,8,1050,10,2,0.9905660377358491,0.9980988593155894,1.0076045627376427,0.9943181818181819
120,14,semiregular,3,858,913,55,787,71,126,0.9172494172494172,0.8619934282584885,0.9397590361445783,0.8887634105025408
120,14,irregular,3,217,217,0,175,42,42,0.8064516129032258,0.8064516129032258,1.0,0.8064516129032258
120,15,regular,1,966,964,2,949,17,15,0.9824016563146998,0.9844398340248963,1.0020746887966805,0.983419689119171
120,15,semiregular,1,753,774,21,669,84,105,0.8884462151394422,0.8643410852713178,0.9728682170542635,0.8762278978388999
120,15,irregular,1,256,218,38,65,191,153,0.25390625,0.2981651376146789,1.1743119266055047,0.2742616033755274
120,15,regular,2,967,964,3,957,10,7,0.9896587383660806,0.9927385892116183,1.0031120331950207,0.9911962713619886
120,15,semiregular,2,743,774,31,679,64,95,0.9138627187079408,0.8772609819121447,0.9599483204134367,0.8951878707976269
120,15,irregular,2,215,218,3,56,159,162,0.26046511627906976,0.25688073394495414,0.9862385321100917,0.2586605080831409
120,15,regular,3,963,964,1,959,4,5,0.995846313603323,0.9948132780082988,0.9989626556016598,0.9953295277633627
120,15,semiregular,3,770,774,4,718,52,56,0.9324675324675324,0.9276485788113695,0.9948320413436692,0.9300518134715026
120,15,irregular,3,222,218,4,176,46,42,0.7927927927927928,0.8073394495412844,1.018348623853211,0.8
120,16,regular,1,1105,1109,4,1091,14,18,0.9873303167420815,0.9837691614066727,0.9963931469792606,0.9855465221318881
120,16,semiregular,1,726,681,45,602,124,79,0.8292011019283747,0.8839941262848752,1.066079295154185,0.855721393034826
120,16,irregular,1,279,272,7,105,174,167,0.3763440860215054,0.3860294117647059,1.025735294117647,0.3811252268602541
120,16,regular,2,1118,1109,9,1103,15,6,0.9865831842576028,0.9945897204688909,1.0081154192966637,0.9905702739110912
120,16,semiregular,2,659,681,22,564,95,117,0.8558421851289834,0.8281938325991189,0.9676945668135095,0.8417910447761194
120,16,irregular,2,179,272,93,52,127,220,0.2905027932960894,0.19117647058823528,0.6580882352941176,0.23059866962305986
120,16,regular,3,1107,1109,2,1101,6,8,0.994579945799458,0.9927862939585211,0.9981965734896303,0.9936823104693141
120,16,semiregular,3,686,681,5,608,78,73,0.8862973760932945,0.8928046989720999,1.0073421439060206,0.8895391367959035
120,16,irregular,3,267,272,5,213,54,59,0.797752808988764,0.7830882352941176,0.9816176470588235,0.7903525046382188
120,17,regular,1,1037,1029,8,1022,15,7,0.9855351976856316,0.9931972789115646,1.0077745383867833,0.989351403678606
120,17,semiregular,1,795,837,42,701,94,136,0.8817610062893082,0.8375149342891278,0.9498207885304659,0.8590686274509803
120,17,irregular,1,294,240,54,84,210,156,0.2857142857142857,0.35,1.225,0.3146067415730337
120,17,regular,2,1025,1029,4,1020,5,9,0.9951219512195122,0.9912536443148688,0.9961127308066083,0.9931840311587147
120,17,semiregular,2,802,837,35,719,83,118,0.8965087281795511,0.8590203106332138,0.9581839904420549,0.8773642464917633
120,17,irregular,2,262,240,22,59,203,181,0.22519083969465647,0.24583333333333332,1.0916666666666666,0.23505976095617526
120,17,regular,3,1029,1029,0,1025,4,4,0.9961127308066083,0.9961127308066083,1.0,0.9961127308066083
120,17,semiregular,3,847,837,10,785,62,52,0.9268004722550177,0.937873357228196,1.01194743130227,0.9323040380047506
120,17,irregular,3,258,240,18,183,75,57,0.7093023255813954,0.7625,1.075,0.7349397590361445
120,18,regular,1,1032,1044,12,1022,10,22,0.9903100775193798,0.9789272030651341,0.9885057471264368,0.9845857418111753
120,18,semiregular,1,798,801,3,711,87,90,0.8909774436090225,0.8876404494382022,0.9962546816479401,0.8893058161350844
120,18,irregular,1,311,252,59,129,182,123,0.41479099678456594,0.5119047619047619,1.2341269841269842,0.458259325044405
120,18,regular,2,1054,1044,10,1040,14,4,0.9867172675521821,0.9961685823754789,1.0095785440613028,0.9914204003813154
120,18,semiregular,2,774,801,27,706,68,95,0.9121447028423773,0.8813982521847691,0.9662921348314607,0.8965079365079366
120,18,irregular,2,174,252,78,49,125,203,0.28160919540229884,0.19444444444444445,0.6904761904761905,0.2300469483568075
120,18,regular,3,1058,1044,14,1043,15,1,0.9858223062381852,0.9990421455938697,1.0134099616858236,0.9923882017126546
120,18,semiregular,3,806,801,5,755,51,46,0.9367245657568238,0.9425717852684145,1.0062421972534332,0.939639079029247
120,18,irregular,3,262,252,10,207,55,45,0.7900763358778626,0.8214285714285714,1.0396825396825398,0.8054474708171206
120,19,regular,1,1063,1076,13,1050,13,26,0.9877704609595485,0.9758364312267658,0.9879182156133829,0.9817671809256662
120,19,semiregular,1,746,753,7,660,86,93,0.8847184986595175,0.8764940239043825,0.9907038512616202,0.8805870580386925
120,19,irregular,1,212,245,33,89,123,156,0.419811320754717,0.363265306122449,0.8653061224489796,0.38949671772428884
120,19,regular,2,1068,1076,8,1060,8,16,0.9925093632958801,0.9851301115241635,0.9925650557620818,0.9888059701492536
120,19,semiregular,2,713,753,40,642,71,111,0.9004207573632539,0.852589641434263,0.9468791500664011,0.8758526603001364
120,19,irregular,2,265,245,20,131,134,114,0.49433962264150944,0.5346938775510204,1.0816326530612246,0.5137254901960785
120,19,regular,3,1083,1076,7,1071,12,5,0.9889196675900277,0.9953531598513011,1.0065055762081785,0.9921259842519685
120,19,semiregular,3,756,753,3,695,61,58,0.9193121693121693,0.9229747675962815,1.00398406374502,0.9211398277004638
120,19,irregular,3,253,245,8,192,61,53,0.758893280632411,0.7836734693877551,1.0326530612244897,0.7710843373493975
120,20,regular,1,1232,1251,19,1221,11,30,0.9910714285714286,0.9760191846522782,0.9848121502797762,0.9834877164720098
120,20,semiregular,1,836,841,5,719,117,122,0.8600478468899522,0.8549346016646849,0.9940546967895363,0.8574836016696483
120,20,irregular,1,247,252,5,129,118,123,0.5222672064777328,0.5119047619047619,0.9801587301587301,0.5170340681362724
120,20,regular,2,1237,1251,14,1230,7,21,0.994341147938561,0.9832134292565947,0.9888089528377298,0.9887459807073954
120,20,semiregular,2,821,841,20,712,109,129,0.8672350791717418,0.8466111771700356,0.976218787158145,0.8567990373044525
120,20,irregular,2,259,252,7,139,120,113,0.5366795366795367,0.5515873015873016,1.0277777777777777,0.5440313111545989
120,20,regular,3,1258,1251,7,1247,11,4,0.9912559618441972,0.996802557953637,1.0055955235811351,0.9940215225189318
120,20,semiregular,3,834,841,7,749,85,92,0.8980815347721822,0.8906064209274673,0.9916765755053508,0.8943283582089552
120,20,irregular,3,256,252,4,201,55,51,0.78515625,0.7976190476190477,1.0158730158730158,0.7913385826771654
120,21,regular,1,917,920,3,903,14,17,0.9847328244274809,0.9815217391304348,0.9967391304347826,0.9831246597713664
120,21,semiregular,1,648,549,99,466,182,83,0.7191358024691358,0.848816029143898,1.180327868852459,0.7786131996658311
120,21,irregular,1,229,204,25,66,163,138,0.28820960698689957,0.3235294117647059,1.1225490196078431,0.304849884526559
120,21,regular,2,917,920,3,911,6,9,0.9934569247546347,0.9902173913043478,0.9967391304347826,0.9918345127925966
120,21,semiregular,2,628,549,79,483,145,66,0.7691082802547771,0.8797814207650273,1.1438979963570128,0.8207306711979608
120,21,irregular,2,256,204,52,107,149,97,0.41796875,0.5245098039215687,1.2549019607843137,0.46521739130434786
120,21,regular,3,919,920,1,909,10,11,0.9891186071817193,0.9880434782608696,0.9989130434782608,0.9885807504078304
120,21,semiregular,3,561,549,12,450,111,99,0.8021390374331551,0.819672131147541,1.0218579234972678,0.8108108108108109
120,21,irregular,3,212,204,8,171,41,33,0.8066037735849056,0.8382352941176471,1.0392156862745099,0.8221153846153847
120,22,regular,1,948,946,2,925,23,21,0.9757383966244726,0.9778012684989429,1.0021141649048626,0.9767687434002111
120,22,semiregular,1,720,703,17,614,106,89,0.8527777777777777,0.8733997155049786,1.0241820768136558,0.8629655657062544
120,22,irregular,1,216,247,31,83,133,164,0.38425925925925924,0.3360323886639676,0.8744939271255061,0.35853131749460043
120,22,regular,2,944,946,2,936,8,10,0.9915254237288136,0.9894291754756871,0.9978858350951374,0.9904761904761904
120,22,semiregular,2,691,703,12,593,98,110,0.8581765557163531,0.8435277382645804,0.9829302987197724,0.8507890961262554
120,22,irregular,2,178,247,69,59,119,188,0.33146067415730335,0.2388663967611336,0.7206477732793523,0.2776470588235294
120,22,regular,3,911,946,35,898,13,48,0.9857299670691547,0.9492600422832981,0.9630021141649049,0.9671513193322563
120,22,semiregular,3,715,703,12,636,79,67,0.8895104895104895,0.9046941678520626,1.0170697012802277,0.8970380818053596
120,22,irregular,3,249,247,2,186,63,61,0.7469879518072289,0.7530364372469636,1.008097165991903,0.75
120,23,regular,1,994,999,5,978,16,21,0.9839034205231388,0.978978978978979,0.994994994994995,0.9814350225790266
120,23,semiregular,1,787,835,48,689,98,146,0.8754764930114358,0.8251497005988024,0.9425149700598803,0.8495684340320592
120,23,irregular,1,309,266,43,70,239,196,0.22653721682847897,0.2631578947368421,1.1616541353383458,0.2434782608695652
120,23,regular,2,1009,999,10,991,18,8,0.9821605550049554,0.991991991991992,1.01001001001001,0.9870517928286852
120,23,semiregular,2,846,835,11,735,111,100,0.8687943262411347,0.8802395209580839,1.0131736526946107,0.874479476502082
120,23,irregular,2,239,266,27,57,182,209,0.2384937238493724,0.21428571428571427,0.8984962406015038,0.22574257425742572
120,23,regular,3,999,999,0,982,17,17,0.982982982982983,0.982982982982983,1.0,0.982982982982983
120,23,semiregular,3,845,835,10,763,82,72,0.9029585798816568,0.9137724550898204,1.0119760479041917,0.9083333333333334
120,23,irregular,3,269,266,3,195,74,71,0.724907063197026,0.7330827067669173,1.0112781954887218,0.7289719626168225
120,24,regular,1,1068,1079,11,1055,13,24,0.9878277153558053,0.9777571825764597,0.989805375347544,0.9827666511411273
120,24,semiregular,1,612,680,68,556,56,124,0.9084967320261438,0.8176470588235294,0.9,0.8606811145510835
120,24,irregular,1,328,247,81,83,245,164,0.2530487804878049,0.3360323886639676,1.3279352226720649,0.288695652173913
120,24,regular,2,1070,1079,9,1061,9,18,0.991588785046729,0.9833178869323448,0.9916589434661723,0.9874360167519777
120,24,semiregular,2,657,680,23,595,62,85,0.9056316590563166,0.875,0.9661764705882353,0.8900523560209423
120,24,irregular,2,184,247,63,32,152,215,0.17391304347826086,0.12955465587044535,0.7449392712550608,0.14849187935034802
120,24,regular,3,1091,1079,12,1077,14,2,0.9871677360219981,0.9981464318813716,1.0111214087117701,0.9926267281105992
120,24,semiregular,3,692,680,12,643,49,37,0.9291907514450867,0.9455882352941176,1.0176470588235293,0.9373177842565599
120,24,irregular,3,253,247,6,206,47,41,0.8142292490118577,0.8340080971659919,1.0242914979757085,0.824
120,25,regular,1,916,946,30,906,10,40,0.9890829694323144,0.9577167019027484,0.9682875264270613,0.9731471535982814
120,25,semiregular,1,718,718,0,589,129,129,0.8203342618384402,0.8203342618384402,1.0,0.82033426183844
120,25,irregular,1,418,207,211,53,365,154,0.12679425837320574,0.2560386473429952,2.0193236714975846,0.1696
120,25,regular,2,913,946,33,904,9,42,0.9901423877327492,0.9556025369978859,0.9651162790697675,0.9725658956428188
120,25,semiregular,2,781,718,63,604,177,114,0.7733674775928298,0.841225626740947,1.0877437325905293,0.8058705803869246
120,25,irregular,2,282,207,75,12,270,195,0.0425531914893617,0.057971014492753624,1.3623188405797102,0.04907975460122699
120,25,regular,3,926,946,20,920,6,26,0.9935205183585313,0.9725158562367865,0.9788583509513742,0.982905982905983
120,25,semiregular,3,692,718,26,614,78,104,0.8872832369942196,0.8551532033426184,0.9637883008356546,0.8709219858156028
120,25,irregular,3,228,207,21,123,105,84,0.5394736842105263,0.5942028985507246,1.1014492753623188,0.5655172413793104
120,26,regular,1,1128,985,143,979,149,6,0.8679078014184397,0.9939086294416244,1.1451776649746193,0.9266445811642214
120,26,semiregular,1,769,720,49,604,165,116,0.7854356306892067,0.8388888888888889,1.0680555555555555,0.8112827400940228
120,26,irregular,1,273,214,59,64,209,150,0.23443223443223443,0.29906542056074764,1.2757009345794392,0.26283367556468173
120,26,regular,2,1129,985,144,962,167,23,0.8520814880425155,0.9766497461928934,1.1461928934010153,0.9101229895931883
120,26,semiregular,2,345,720,375,299,46,421,0.8666666666666667,0.4152777777777778,0.4791666666666667,0.5615023474178404
120,26,irregular,2,290,214,76,53,237,161,0.18275862068965518,0.24766355140186916,1.355140186915888,0.21031746031746032
120,26,regular,3,1033,985,48,984,49,1,0.952565343659245,0.9989847715736041,1.048730964467005,0.9752229930624381
120,26,semiregular,3,827,720,107,663,164,57,0.8016928657799275,0.9208333333333333,1.148611111111111,0.8571428571428571
120,26,irregular,3,302,214,88,185,117,29,0.6125827814569537,0.8644859813084113,1.411214953271028,0.7170542635658915
120,27,regular,1,1128,1166,38,1107,21,59,0.9813829787234043,0.9493996569468267,0.967409948542024,0.96512641673932
120,27,semiregular,1,834,728,106,607,227,121,0.7278177458033573,0.8337912087912088,1.1456043956043955,0.7772087067861716
120,27,irregular,1,434,270,164,68,366,202,0.15668202764976957,0.2518518518518518,1.6074074074074074,0.19318181818181818
120,27,regular,2,1168,1166,2,1151,17,15,0.985445205479452,0.9871355060034306,1.0017152658662092,0.9862896315338475
120,27,semiregular,2,696,728,32,567,129,161,0.8146551724137931,0.7788461538461539,0.9560439560439561,0.7963483146067417
120,27,irregular,2,310,270,40,53,257,217,0.17096774193548386,0.1962962962962963,1.1481481481481481,0.18275862068965518
120,27,regular,3,1153,1166,13,1149,4,17,0.9965307892454467,0.9854202401372213,0.9888507718696398,0.9909443725743855
120,27,semiregular,3,714,728,14,655,59,73,0.9173669467787114,0.8997252747252747,0.9807692307692307,0.9084604715672677
120,27,irregular,3,252,270,18,204,48,66,0.8095238095238095,0.7555555555555555,0.9333333333333333,0.7816091954022989
120,28,regular,1,1070,1098,28,1039,31,59,0.9710280373831776,0.9462659380692168,0.9744990892531876,0.9584870848708487
120,28,semiregular,1,806,859,53,644,162,215,0.7990074441687345,0.7497089639115251,0.9383003492433062,0.7735735735735736
120,28,irregular,1,425,293,132,63,362,230,0.14823529411764705,0.2150170648464164,1.4505119453924915,0.17548746518105848
120,28,regular,2,1106,1098,8,1083,23,15,0.9792043399638336,0.9863387978142076,1.0072859744990892,0.9827586206896551
120,28,semiregular,2,886,859,27,743,143,116,0.8386004514672686,0.8649592549476135,1.031431897555297,0.8515759312320917
120,28,irregular,2,889,293,596,135,754,158,0.15185601799775028,0.46075085324232085,3.0341296928327646,0.22842639593908629
120,28,regular,3,1099,1098,1,1071,28,27,0.9745222929936306,0.9754098360655737,1.0009107468123861,0.9749658625398271
120,28,semiregular,3,741,859,118,649,92,210,0.8758434547908233,0.7555296856810244,0.8626309662398137,0.81125
120,28,irregular,3,290,293,3,164,126,129,0.5655172413793104,0.5597269624573379,0.9897610921501706,0.562607204116638
120,29,regular,1,1134,1140,6,1116,18,24,0.9841269841269841,0.9789473684210527,0.9947368421052631,0.9815303430079156
120,29,semiregular,1,948,869,79,745,203,124,0.7858649789029536,0.857307249712313,1.0909090909090908,0.8200330214639515
120,29,irregular,1,309,247,62,68,241,179,0.22006472491909385,0.27530364372469635,1.2510121457489878,0.2446043165467626
120,29,regular,2,1097,1140,43,1083,14,57,0.9872379216043756,0.95,0.962280701754386,0.9682610639248994
120,29,semiregular,2,907,869,38,747,160,122,0.8235942668136714,0.859608745684695,1.0437284234752588,0.8412162162162161
120,29,irregular,2,235,247,12,37,198,210,0.1574468085106383,0.14979757085020243,0.951417004048583,0.15352697095435686
120,29,regular,3,1126,1140,14,1120,6,20,0.9946714031971581,0.9824561403508771,0.987719298245614,0.9885260370697263
120,29,semiregular,3,973,869,104,754,219,115,0.774922918807811,0.8676639815880323,1.1196777905638664,0.8186753528773073
120,29,irregular,3,272,247,25,204,68,43,0.75,0.8259109311740891,1.1012145748987854,0.7861271676300577
120,30,regular,1,1008,997,11,972,36,25,0.9642857142857143,0.9749247743229689,1.0110330992978938,0.969576059850374
120,30,semiregular,1,707,810,103,598,109,212,0.8458274398868458,0.7382716049382716,0.8728395061728395,0.7883981542518127
120,30,irregular,1,440,250,190,51,389,199,0.1159090909090909,0.204,1.76,0.14782608695652172
120,30,regular,2,1015,997,18,986,29,11,0.9714285714285714,0.9889669007021064,1.0180541624874624,0.9801192842942346
120,30,semiregular,2,744,810,66,652,92,158,0.8763440860215054,0.8049382716049382,0.9185185185185185,0.8391248391248392
120,30,irregular,2,448,250,198,62,386,188,0.13839285714285715,0.248,1.792,0.17765042979942694
120,30,regular,3,988,997,9,984,4,13,0.9959514170040485,0.9869608826479438,0.9909729187562688,0.9914357682619647
120,30,semiregular,3,841,810,31,759,82,51,0.9024970273483948,0.937037037037037,1.0382716049382716,0.9194427619624471
120,30,irregular,3,240,250,10,177,63,73,0.7375,0.708,0.96,0.7224489795918367
135,1,regular,1,991,937,54,930,61,7,0.9384460141271443,0.9925293489861259,1.0576307363927429,0.9647302904564314
135,1,semiregular,1,750,703,47,610,140,93,0.8133333333333334,0.8677098150782361,1.0668563300142246,0.8396421197522367
135,1,irregular,1,221,199,22,107,114,92,0.4841628959276018,0.5376884422110553,1.1105527638190955,0.5095238095238095
135,1,regular,2,916,937,21,907,9,30,0.990174672489083,0.967982924226254,0.9775880469583778,0.978953049109552
135,1,semiregular,2,697,703,6,582,115,121,0.8350071736011477,0.8278805120910384,0.9914651493598862,0.8314285714285714
135,1,irregular,2,201,199,2,104,97,95,0.5174129353233831,0.5226130653266332,1.0100502512562815,0.52
135,1,regular,3,936,937,1,927,9,10,0.9903846153846154,0.9893276414087513,0.9989327641408752,0.9898558462359851
135,1,semiregular,3,721,703,18,623,98,80,0.8640776699029126,0.8862019914651493,1.0256045519203414,0.8749999999999999
135,1,irregular,3,199,199,0,155,44,44,0.7788944723618091,0.7788944723618091,1.0,0.7788944723618091
135,2,regular,1,1234,1224,10,1205,29,19,0.9764991896272285,0.9844771241830066,1.0081699346405228,0.9804719283970708
135,2,semiregular,1,606,647,41,558,48,89,0.9207920792079208,0.8624420401854714,0.9366306027820711,0.8906624102154829
135,2,irregular,1,273,217,56,107,166,110,0.39194139194139194,0.4930875576036866,1.2580645161290323,0.43673469387755104
135,2,regular,2,1202,1224,22,1197,5,27,0.9958402662229617,0.9779411764705882,0.9820261437908496,0.9868095630667765
135,2,semiregular,2,654,647,7,607,47,40,0.9281345565749235,0.9381761978361669,1.010819165378671,0.9331283627978477
135,2,irregular,2,315,217,98,170,145,47,0.5396825396825397,0.783410138248848,1.4516129032258065,0.6390977443609023
135,2,regular,3,1229,1224,5,1215,14,9,0.9886086248982913,0.9926470588235294,1.0040849673202614,0.990623726049735
135,2,semiregular,3,644,647,3,595,49,52,0.9239130434782609,0.919629057187017,0.9953632148377125,0.9217660728117738
135,2,irregular,3,176,217,41,131,45,86,0.7443181818181818,0.6036866359447005,0.8110599078341014,0.6666666666666666
135,3,regular,1,1074,1053,21,1043,31,10,0.9711359404096834,0.9905033238366572,1.01994301994302,0.9807240244475787
135,3,semiregular,1,656,716,60,578,78,138,0.8810975609756098,0.8072625698324022,0.9162011173184358,0.8425655976676386
135,3,irregular,1,261,224,37,108,153,116,0.41379310344827586,0.48214285714285715,1.1651785714285714,0.44536082474226807
135,3,regular,2,1044,1053,9,1035,9,18,0.9913793103448276,0.9829059829059829,0.9914529914529915,0.9871244635193134
135,3,semiregular,2,709,716,7,622,87,94,0.8772919605077574,0.8687150837988827,0.9902234636871509,0.8729824561403509
135,3,irregular,2,197,224,27,114,83,110,0.5786802030456852,0.5089285714285714,0.8794642857142857,0.5415676959619952
135,3,regular,3,1051,1053,2,1045,6,8,0.994291151284491,0.9924026590693258,0.9981006647673314,0.9933460076045628
135,3,semiregular,3,730,716,14,662,68,54,0.9068493150684932,0.9245810055865922,1.0195530726256983,0.9156293222683265
135,3,irregular,3,228,224,4,170,58,54,0.7456140350877193,0.7589285714285714,1.0178571428571428,0.7522123893805309
135,4,regular,1,1095,1101,6,1080,15,21,0.9863013698630136,0.9809264305177112,0.9945504087193461,0.9836065573770492
135,4,semiregular,1,631,614,17,526,105,88,0.8335974643423137,0.8566775244299675,1.0276872964169381,0.8449799196787149
135,4,irregular,1,237,228,9,99,138,129,0.4177215189873418,0.4342105263157895,1.0394736842105263,0.42580645161290326
135,4,regular,2,1081,1101,20,1073,8,28,0.9925994449583718,0.9745685740236149,0.9818346957311535,0.9835013748854262
135,4,semiregular,2,613,614,1,502,111,112,0.8189233278955954,0.8175895765472313,0.998371335504886,0.8182559087204564
135,4,irregular,2,207,228,21,120,87,108,0.5797101449275363,0.5263157894736842,0.9078947368421053,0.5517241379310345
135,4,regular,3,1100,1101,1,1096,4,5,0.9963636363636363,0.9954586739327884,0.9990917347865577,0.995910949568378
135,4,semiregular,3,644,614,30,557,87,57,0.8649068322981367,0.9071661237785016,1.0488599348534202,0.8855325914149443
135,4,irregular,3,242,228,14,175,67,53,0.7231404958677686,0.7675438596491229,1.0614035087719298,0.74468085106383
135,5,regular,1,1075,1044,31,1040,35,4,0.9674418604651163,0.9961685823754789,1.0296934865900382,0.9815950920245399
135,5,semiregular,1,714,668,46,561,153,107,0.7857142857142857,0.8398203592814372,1.0688622754491017,0.8118668596237337
135,5,irregular,1,287,217,70,110,177,107,0.3832752613240418,0.5069124423963134,1.3225806451612903,0.4365079365079365
135,5,regular,2,1033,1044,11,1025,8,19,0.9922555663117134,0.9818007662835249,0.9894636015325671,0.9870004814636495
135,5,semiregular,2,680,668,12,554,126,114,0.8147058823529412,0.8293413173652695,1.0179640718562875,0.8219584569732938
135,5,irregular,2,230,217,13,60,170,157,0.2608695652173913,0.2764976958525346,1.0599078341013826,0.26845637583892623
135,5,regular,3,1053,1044,9,1041,12,3,0.9886039886039886,0.9971264367816092,1.0086206896551724,0.9928469241773963
135,5,semiregular,3,691,668,23,597,94,71,0.8639652677279306,0.8937125748502994,1.034431137724551,0.8785871964679912
135,5,irregular,3,231,217,14,167,64,50,0.7229437229437229,0.7695852534562212,1.064516129032258,0.7455357142857143
135,6,regular,1,920,915,5,902,18,13,0.9804347826086957,0.985792349726776,1.005464480874317,0.9831062670299727
135,6,semiregular,1,715,701,14,615,100,86,0.8601398601398601,0.8773181169757489,1.0199714693295292,0.8686440677966102
135,6,irregular,1,259,195,64,72,187,123,0.277992277992278,0.36923076923076925,1.3282051282051281,0.31718061674008813
135,6,regular,2,907,915,8,897,10,18,0.9889746416758545,0.980327868852459,0.9912568306010929,0.9846322722283205
135,6,semiregular,2,700,701,1,622,78,79,0.8885714285714286,0.8873038516405135,0.9985734664764622,0.8879371877230549
135,6,irregular,2,202,195,7,101,101,94,0.5,0.517948717948718,1.035897435897436,0.5088161209068011
135,6,regular,3,924,915,9,909,15,6,0.9837662337662337,0.9934426229508196,1.0098360655737706,0.9885807504078303
135,6,semiregular,3,723,701,22,658,65,43,0.9100968188105117,0.9386590584878745,1.0313837375178316,0.9241573033707865
135,6,irregular,3,199,195,4,150,49,45,0.7537688442211056,0.7692307692307693,1.0205128205128204,0.7614213197969544
135,7,regular,1,1204,1230,26,1190,14,40,0.9883720930232558,0.967479674796748,0.9788617886178862,0.9778142974527527
135,7,semiregular,1,723,761,38,613,110,148,0.8478561549100968,0.8055190538764783,0.9500657030223391,0.8261455525606468
135,7,irregular,1,233,225,8,64,169,161,0.27467811158798283,0.28444444444444444,1.0355555555555556,0.2794759825327511
135,7,regular,2,1219,1230,11,1204,15,26,0.9876948318293683,0.9788617886178862,0.9910569105691057,0.9832584728460596
135,7,semiregular,2,761,761,0,642,119,119,0.8436268068331143,0.8436268068331143,1.0,0.8436268068331143
135,7,irregular,2,266,225,41,57,209,168,0.21428571428571427,0.25333333333333335,1.1822222222222223,0.23217922606924643
135,7,regular,3,1234,1230,4,1225,9,5,0.9927066450567261,0.9959349593495935,1.0032520325203251,0.9943181818181819
135,7,semiregular,3,774,761,13,683,91,78,0.8824289405684754,0.897503285151117,1.0170827858081473,0.8899022801302932
135,7,irregular,3,226,225,1,176,50,49,0.7787610619469026,0.7822222222222223,1.0044444444444445,0.7804878048780488
135,8,regular,1,1031,1035,4,1012,19,23,0.9815712900096993,0.9777777777777777,0.996135265700483,0.9796708615682479
135,8,semiregular,1,808,827,19,722,86,105,0.8935643564356436,0.8730350665054414,0.9770253929866989,0.8831804281345565
135,8,irregular,1,363,243,120,106,257,137,0.29201101928374656,0.43621399176954734,1.4938271604938271,0.3498349834983498
135,8,regular,2,1021,1035,14,1011,10,24,0.990205680705191,0.9768115942028985,0.9864734299516909,0.9834630350194553
135,8,semiregular,2,855,827,28,747,108,80,0.8736842105263158,0.9032648125755743,1.0338573155985489,0.8882282996432818
135,8,irregular,2,287,243,44,57,230,186,0.1986062717770035,0.2345679012345679,1.1810699588477367,0.21509433962264154
135,8,regular,3,1036,1035,1,1029,7,6,0.9932432432432432,0.9942028985507246,1.0009661835748793,0.9937228392081119
135,8,semiregular,3,845,827,18,772,73,55,0.9136094674556213,0.9334945586457074,1.0217654171704957,0.9234449760765551
135,8,irregular,3,248,243,5,174,74,69,0.7016129032258065,0.7160493827160493,1.0205761316872428,0.7087576374745417
135,9,regular,1,1135,1107,28,1106,29,1,0.9744493392070485,0.999096657633243,1.025293586269196,0.9866190900981268
135,9,semiregular,1,680,701,21,629,51,72,0.925,0.8972895863052782,0.9700427960057061,0.9109341057204925
135,9,irregular,1,322,266,56,118,204,148,0.36645962732919257,0.44360902255639095,1.2105263157894737,0.4013605442176871
135,9,regular,2,1086,1107,21,1076,10,31,0.990791896869245,0.971996386630533,0.981029810298103,0.9813041495668035
135,9,semiregular,2,676,701,25,616,60,85,0.9112426035502958,0.8787446504992867,0.9643366619115549,0.8946986201888162
135,9,irregular,2,246,266,20,51,195,215,0.2073170731707317,0.19172932330827067,0.924812030075188,0.19921875
135,9,regular,3,1112,1107,5,1102,10,5,0.9910071942446043,0.995483288166215,1.004516711833785,0.993240198287517
135,9,semiregular,3,710,701,9,661,49,40,0.9309859154929577,0.9429386590584878,1.0128388017118402,0.9369241672572642
135,9,irregular,3,269,266,3,206,63,60,0.7657992565055762,0.7744360902255639,1.0112781954887218,0.7700934579439251
135,10,regular,1,1039,1014,25,1007,32,7,0.9692011549566891,0.9930966469428008,1.02465483234714,0.9810034096444228
135,10,semiregular,1,654,656,2,585,69,71,0.8944954128440367,0.8917682926829268,0.9969512195121951,0.8931297709923663
135,10,irregular,1,253,247,6,94,159,153,0.3715415019762846,0.3805668016194332,1.0242914979757085,0.37599999999999995
135,10,regular,2,962,1014,52,956,6,58,0.9937629937629938,0.9428007889546351,0.9487179487179487,0.9676113360323887
135,10,semiregular,2,627,656,29,557,70,99,0.8883572567783095,0.8490853658536586,0.9557926829268293,0.8682774746687453
135,10,irregular,2,295,247,48,99,196,148,0.33559322033898303,0.4008097165991903,1.194331983805668,0.36531365313653136
135,10,regular,3,1023,1014,9,1011,12,3,0.9882697947214076,0.9970414201183432,1.0088757396449703,0.9926362297496318
135,10,semiregular,3,661,656,5,605,56,51,0.9152798789712556,0.9222560975609756,1.0076219512195121,0.9187547456340167
135,10,irregular,3,256,247,9,199,57,48,0.77734375,0.805668016194332,1.0364372469635628,0.7912524850894632
135,11,regular,1,1057,1070,13,1045,12,25,0.988647114474929,0.9766355140186916,0.9878504672897196,0.9826046074283028
135,11,semiregular,1,694,700,6,587,107,113,0.845821325648415,0.8385714285714285,0.9914285714285714,0.842180774748924
135,11,irregular,1,273,239,34,102,171,137,0.37362637362637363,0.42677824267782427,1.1422594142259415,0.3984375
135,11,regular,2,1054,1070,16,1047,7,23,0.9933586337760911,0.9785046728971962,0.9850467289719627,0.9858757062146893
135,11,semiregular,2,694,700,6,591,103,109,0.8515850144092219,0.8442857142857143,0.9914285714285714,0.8479196556671449
135,11,irregular,2,221,239,18,57,164,182,0.2579185520361991,0.2384937238493724,0.9246861924686193,0.24782608695652178
135,11,regular,3,1078,1070,8,1067,11,3,0.9897959183673469,0.997196261682243,1.0074766355140188,0.9934823091247672
135,11,semiregular,3,704,700,4,627,77,73,0.890625,0.8957142857142857,1.0057142857142858,0.8931623931623931
135,11,irregular,3,236,239,3,179,57,60,0.7584745762711864,0.7489539748953975,0.9874476987447699,0.7536842105263157
135,12,regular,1,1037,1007,30,1002,35,5,0.9662487945998072,0.9950347567030785,1.0297914597815292,0.9804305283757339
135,12,semiregular,1,687,641,46,554,133,87,0.8064046579330422,0.8642745709828393,1.0717628705148206,0.8343373493975903
135,12,irregular,1,254,204,50,81,173,123,0.3188976377952756,0.39705882352941174,1.2450980392156863,0.35371179039301304
135,12,regular,2,996,1007,11,993,3,14,0.9969879518072289,0.9860973187686196,0.9890764647467726,0.9915127309036446
135,12,semiregular,2,624,641,17,518,106,123,0.8301282051282052,0.8081123244929798,0.9734789391575663,0.8189723320158103
135,12,irregular,2,210,204,6,46,164,158,0.21904761904761905,0.22549019607843138,1.0294117647058822,0.22222222222222224
135,12,regular,3,1010,1007,3,1002,8,5,0.9920792079207921,0.9950347567030785,1.002979145978153,0.9935547843331681
135,12,semiregular,3,662,641,21,554,108,87,0.8368580060422961,0.8642745709828393,1.032761310452418,0.8503453568687644
135,12,irregular,3,222,204,18,157,65,47,0.7072072072072072,0.7696078431372549,1.088235294117647,0.7370892018779343
135,13,regular,1,1031,1000,31,999,32,1,0.9689621726479146,0.999,1.031,0.983751846381093
135,13,semiregular,1,793,815,22,714,79,101,0.9003783102143758,0.8760736196319019,0.9730061349693252,0.8880597014925373
135,13,irregular,1,351,216,135,102,249,114,0.2905982905982906,0.4722222222222222,1.625,0.3597883597883598
135,13,regular,2,994,1000,6,983,11,17,0.9889336016096579,0.983,0.994,0.9859578736208625
135,13,semiregular,2,802,815,13,712,90,103,0.8877805486284289,0.8736196319018404,0.9840490797546012,0.880643166357452
135,13,irregular,2,300,216,84,41,259,175,0.13666666666666666,0.18981481481481483,1.3888888888888888,0.15891472868217055
135,13,regular,3,996,1000,4,992,4,8,0.9959839357429718,0.992,0.996,0.9939879759519038
135,13,semiregular,3,832,815,17,771,61,44,0.9266826923076923,0.9460122699386503,1.0208588957055216,0.936247723132969
135,13,irregular,3,227,216,11,169,58,47,0.7444933920704846,0.7824074074074074,1.0509259259259258,0.7629796839729119
135,14,regular,1,1063,1052,11,1042,21,10,0.980244590780809,0.9904942965779467,1.0104562737642586,0.9853427895981088
135,14,semiregular,1,888,913,25,792,96,121,0.8918918918918919,0.8674698795180723,0.9726177437020811,0.8795113825652416
135,14,irregular,1,256,217,39,74,182,143,0.2890625,0.34101382488479265,1.1797235023041475,0.3128964059196617
135,14,regular,2,1038,1052,14,1035,3,17,0.9971098265895953,0.9838403041825095,0.9866920152091255,0.9904306220095693
135,14,semiregular,2,923,913,10,837,86,76,0.9068255687973997,0.9167579408543264,1.0109529025191675,0.9117647058823529
135,14,irregular,2,216,217,1,55,161,162,0.25462962962962965,0.2534562211981567,0.9953917050691244,0.2540415704387991
135,14,regular,3,1053,1052,1,1047,6,5,0.9943019943019943,0.9952471482889734,1.0009505703422052,0.9947743467933492
135,14,semiregular,3,884,913,29,816,68,97,0.9230769230769231,0.8937568455640745,0.968236582694414,0.9081803005008348
135,14,irregular,3,222,217,5,170,52,47,0.7657657657657657,0.783410138248848,1.023041474654378,0.7744874715261958
135,15,regular,1,971,964,7,953,18,11,0.9814624098867147,0.9885892116182573,1.0072614107883817,0.9850129198966409
135,15,semiregular,1,747,774,27,667,80,107,0.892904953145917,0.8617571059431525,0.9651162790697675,0.8770545693622617
135,15,irregular,1,288,218,70,78,210,140,0.2708333333333333,0.3577981651376147,1.3211009174311927,0.308300395256917
135,15,regular,2,961,964,3,950,11,14,0.9885535900104059,0.9854771784232366,0.9968879668049793,0.9870129870129871
135,15,semiregular,2,764,774,10,680,84,94,0.8900523560209425,0.8785529715762274,0.9870801033591732,0.8842652795838751
135,15,irregular,2,214,218,4,51,163,167,0.2383177570093458,0.23394495412844038,0.981651376146789,0.23611111111111113
135,15,regular,3,971,964,7,962,9,2,0.9907312049433573,0.9979253112033195,1.0072614107883817,0.9943152454780362
135,15,semiregular,3,781,774,7,723,58,51,0.9257362355953905,0.9341085271317829,1.0090439276485788,0.9299035369774921
135,15,irregular,3,221,218,3,176,45,42,0.7963800904977375,0.8073394495412844,1.0137614678899083,0.8018223234624147
135,16,regular,1,1121,1109,12,1100,21,9,0.9812667261373773,0.9918845807033363,1.0108205590622181,0.9865470852017937
135,16,semiregular,1,673,681,8,579,94,102,0.8603268945022289,0.8502202643171806,0.9882525697503671,0.8552437223042836
135,16,irregular,1,223,272,49,81,142,191,0.3632286995515695,0.2977941176470588,0.8198529411764706,0.32727272727272727
135,16,regular,2,1095,1109,14,1082,13,27,0.9881278538812786,0.975653742110009,0.9873760144274121,0.9818511796733213
135,16,semiregular,2,665,681,16,566,99,115,0.8511278195488722,0.8311306901615272,0.9765051395007343,0.8410104011887073
135,16,irregular,2,190,272,82,61,129,211,0.32105263157894737,0.22426470588235295,0.6985294117647058,0.2640692640692641
135,16,regular,3,1105,1109,4,1101,4,8,0.9963800904977376,0.9927862939585211,0.9963931469792606,0.994579945799458
135,16,semiregular,3,686,681,5,601,85,80,0.8760932944606414,0.882525697503671,1.0073421439060206,0.8792977322604243
135,16,irregular,3,264,272,8,206,58,66,0.7803030303030303,0.7573529411764706,0.9705882352941176,0.7686567164179104
135,17,regular,1,1040,1029,11,1022,18,7,0.9826923076923076,0.9931972789115646,1.010689990281827,0.9879168680521991
135,17,semiregular,1,789,837,48,706,83,131,0.8948035487959443,0.8434886499402628,0.942652329749104,0.868388683886839
135,17,irregular,1,268,240,28,68,200,172,0.2537313432835821,0.2833333333333333,1.1166666666666667,0.2677165354330709
135,17,regular,2,1020,1029,9,1011,9,18,0.9911764705882353,0.9825072886297376,0.9912536443148688,0.9868228404099562
135,17,semiregular,2,830,837,7,739,91,98,0.8903614457831325,0.8829151732377539,0.991636798088411,0.8866226754649069
135,17,irregular,2,233,240,7,56,177,184,0.24034334763948498,0.23333333333333334,0.9708333333333333,0.23678646934460887
135,17,regular,3,1021,1029,8,1016,5,13,0.9951028403525954,0.9873663751214772,0.9922254616132167,0.9912195121951219
135,17,semiregular,3,844,837,7,776,68,61,0.919431279620853,0.927120669056153,1.008363201911589,0.92325996430696
135,17,irregular,3,253,240,13,180,73,60,0.7114624505928854,0.75,1.0541666666666667,0.7302231237322516
135,18,regular,1,1044,1044,0,1028,16,16,0.9846743295019157,0.9846743295019157,1.0,0.9846743295019157
135,18,semiregular,1,766,801,35,689,77,112,0.8994778067885117,0.8601747815230961,0.9563046192259675,0.8793873643905552
135,18,irregular,1,263,252,11,103,160,149,0.3916349809885932,0.4087301587301587,1.0436507936507937,0.4
135,18,regular,2,1033,1044,11,1022,11,22,0.989351403678606,0.9789272030651341,0.9894636015325671,0.9841116995666828
135,18,semiregular,2,806,801,5,723,83,78,0.8970223325062034,0.9026217228464419,1.0062421972534332,0.8998133167392658
135,18,irregular,2,193,252,59,51,142,201,0.26424870466321243,0.20238095238095238,0.7658730158730159,0.22921348314606743
135,18,regular,3,1044,1044,0,1038,6,6,0.9942528735632183,0.9942528735632183,1.0,0.9942528735632183
135,18,semiregular,3,817,801,16,766,51,35,0.9375764993880049,0.9563046192259675,1.0199750312109863,0.9468479604449939
135,18,irregular,3,259,252,7,203,56,49,0.7837837837837838,0.8055555555555556,1.0277777777777777,0.7945205479452055
135,19,regular,1,1077,1076,1,1054,23,22,0.978644382544104,0.9795539033457249,1.0009293680297398,0.979098931723177
135,19,semiregular,1,768,753,15,670,98,83,0.8723958333333334,0.8897742363877822,1.0199203187250996,0.8809993425378041
135,19,irregular,1,271,245,26,121,150,124,0.44649446494464945,0.49387755102040815,1.1061224489795918,0.4689922480620155
135,19,regular,2,1064,1076,12,1054,10,22,0.9906015037593985,0.9795539033457249,0.9888475836431226,0.9850467289719625
135,19,semiregular,2,731,753,22,651,80,102,0.8905608755129959,0.8645418326693227,0.9707835325365206,0.8773584905660378
135,19,irregular,2,260,245,15,134,126,111,0.5153846153846153,0.5469387755102041,1.0612244897959184,0.5306930693069307
135,19,regular,3,1077,1076,1,1071,6,5,0.9944289693593314,0.9953531598513011,1.0009293680297398,0.9948908499767766
135,19,semiregular,3,757,753,4,694,63,59,0.916776750330251,0.9216467463479415,1.00531208499336,0.919205298013245
135,19,irregular,3,252,245,7,196,56,49,0.7777777777777778,0.8,1.0285714285714285,0.7887323943661971
135,20,regular,1,1277,1251,26,1238,39,13,0.9694596711041503,0.9896083133493205,1.020783373301359,0.9794303797468354
135,20,semiregular,1,878,841,37,747,131,94,0.8507972665148064,0.8882282996432818,1.0439952437574316,0.869109947643979
135,20,irregular,1,294,252,42,139,155,113,0.47278911564625853,0.5515873015873016,1.1666666666666667,0.5091575091575092
135,20,regular,2,1248,1251,3,1238,10,13,0.9919871794871795,0.9896083133493205,0.9976019184652278,0.990796318527411
135,20,semiregular,2,833,841,8,720,113,121,0.8643457382953181,0.8561236623067776,0.990487514863258,0.8602150537634409
135,20,irregular,2,277,252,25,176,101,76,0.6353790613718412,0.6984126984126984,1.0992063492063493,0.665406427221172
135,20,regular,3,1253,1251,2,1245,8,6,0.9936153232242618,0.9952038369304557,1.0015987210231814,0.9944089456869011
135,20,semiregular,3,856,841,15,760,96,81,0.8878504672897196,0.9036860879904876,1.0178359096313911,0.8956982911019447
135,20,irregular,3,256,252,4,194,62,58,0.7578125,0.7698412698412699,1.0158730158730158,0.7637795275590552
135,21,regular,1,950,920,30,917,33,3,0.9652631578947368,0.9967391304347826,1.0326086956521738,0.9807486631016042
135,21,semiregular,1,619,549,70,466,153,83,0.752827140549273,0.848816029143898,1.127504553734062,0.7979452054794521
135,21,irregular,1,271,204,67,89,182,115,0.3284132841328413,0.4362745098039216,1.3284313725490196,0.37473684210526315
135,21,regular,2,927,920,7,918,9,2,0.9902912621359223,0.9978260869565218,1.007608695652174,0.9940443963183541
135,21,semiregular,2,612,549,63,478,134,71,0.7810457516339869,0.8706739526411658,1.1147540983606556,0.8234280792420327
135,21,irregular,2,283,204,79,127,156,77,0.44876325088339225,0.6225490196078431,1.3872549019607843,0.5215605749486653
135,21,regular,3,927,920,7,914,13,6,0.9859762675296656,0.9934782608695653,1.007608695652174,0.9897130481862481
135,21,semiregular,3,553,549,4,451,102,98,0.8155515370705244,0.8214936247723132,1.0072859744990892,0.8185117967332123
135,21,irregular,3,207,204,3,164,43,40,0.7922705314009661,0.803921568627451,1.0147058823529411,0.7980535279805353
135,22,regular,1,964,946,18,933,31,13,0.9678423236514523,0.9862579281183932,1.0190274841437632,0.9769633507853402
135,22,semiregular,1,740,703,37,622,118,81,0.8405405405405405,0.8847795163584637,1.0526315789473684,0.8620928620928622
135,22,irregular,1,267,247,20,102,165,145,0.38202247191011235,0.41295546558704455,1.0809716599190284,0.39688715953307396
135,22,regular,2,946,946,0,940,6,6,0.9936575052854123,0.9936575052854123,1.0,0.9936575052854123
135,22,semiregular,2,697,703,6,602,95,101,0.8637015781922525,0.8563300142247511,0.9914651493598862,0.86
135,22,irregular,2,172,247,75,54,118,193,0.313953488372093,0.21862348178137653,0.6963562753036437,0.2577565632458234
135,22,regular,3,932,946,14,921,11,25,0.9881974248927039,0.9735729386892178,0.985200845665962,0.9808306709265177
135,22,semiregular,3,712,703,9,639,73,64,0.8974719101123596,0.9089615931721194,1.0128022759601707,0.9031802120141342
135,22,irregular,3,251,247,4,188,63,59,0.749003984063745,0.7611336032388664,1.0161943319838056,0.7550200803212851
135,23,regular,1,988,999,11,963,25,36,0.9746963562753036,0.963963963963964,0.988988988988989,0.9693004529441369
135,23,semiregular,1,831,835,4,735,96,100,0.8844765342960289,0.8802395209580839,0.9952095808383233,0.8823529411764706
135,23,irregular,1,272,266,6,48,224,218,0.17647058823529413,0.18045112781954886,1.0225563909774436,0.17843866171003717
135,23,regular,2,989,999,10,979,10,20,0.9898887765419616,0.97997997997998,0.98998998998999,0.9849094567404428
135,23,semiregular,2,771,835,64,681,90,154,0.8832684824902723,0.8155688622754491,0.9233532934131736,0.8480697384806973
135,23,irregular,2,283,266,17,59,224,207,0.20848056537102475,0.22180451127819548,1.0639097744360901,0.214936247723133
135,23,regular,3,996,999,3,984,12,15,0.9879518072289156,0.984984984984985,0.996996996996997,0.9864661654135338
135,23,semiregular,3,848,835,13,755,93,80,0.8903301886792453,0.9041916167664671,1.015568862275449,0.8972073677956031
135,23,irregular,3,275,266,9,194,81,72,0.7054545454545454,0.7293233082706767,1.0338345864661653,0.7171903881700555
135,24,regular,1,1081,1079,2,1061,20,18,0.9814986123959297,0.9833178869323448,1.0018535681186285,0.9824074074074074
135,24,semiregular,1,638,680,42,578,60,102,0.9059561128526645,0.85,0.9382352941176471,0.8770864946889226
135,24,irregular,1,336,247,89,87,249,160,0.25892857142857145,0.3522267206477733,1.360323886639676,0.29845626072041165
135,24,regular,2,1068,1079,11,1058,10,21,0.9906367041198502,0.9805375347544022,0.989805375347544,0.9855612482533768
135,24,semiregular,2,672,680,8,603,69,77,0.8973214285714286,0.8867647058823529,0.9882352941176471,0.8920118343195266
135,24,irregular,2,230,247,17,41,189,206,0.1782608695652174,0.1659919028340081,0.9311740890688259,0.1719077568134172
135,24,regular,3,1082,1079,3,1075,7,4,0.9935304990757856,0.9962928637627433,1.0027803521779426,0.994909763998149
135,24,semiregular,3,691,680,11,641,50,39,0.9276410998552822,0.9426470588235294,1.0161764705882352,0.9350838803792851
135,24,irregular,3,249,247,2,203,46,44,0.8152610441767069,0.8218623481781376,1.008097165991903,0.8185483870967742
135,25,regular,1,922,946,24,907,15,39,0.9837310195227765,0.9587737843551797,0.9746300211416491,0.9710920770877944
135,25,semiregular,1,700,718,18,574,126,144,0.82,0.7994428969359332,0.9749303621169917,0.8095909732016926
135,25,irregular,1,503,207,296,66,437,141,0.1312127236580517,0.3188405797101449,2.429951690821256,0.1859154929577465
135,25,regular,2,946,946,0,934,12,12,0.9873150105708245,0.9873150105708245,1.0,0.9873150105708245
135,25,semiregular,2,776,718,58,617,159,101,0.7951030927835051,0.8593314763231198,1.0807799442896935,0.8259705488621151
135,25,irregular,2,889,207,682,64,825,143,0.0719910011248594,0.30917874396135264,4.294685990338165,0.11678832116788322
135,25,regular,3,914,946,32,899,15,47,0.9835886214442013,0.9503171247357294,0.9661733615221987,0.9666666666666667
135,25,semiregular,3,666,718,52,588,78,130,0.8828828828828829,0.8189415041782729,0.9275766016713092,0.8497109826589595
135,25,irregular,3,262,207,55,147,115,60,0.5610687022900763,0.7101449275362319,1.2657004830917875,0.626865671641791
135,26,regular,1,1170,985,185,985,185,0,0.8418803418803419,1.0,1.1878172588832487,0.91415313225058
135,26,semiregular,1,767,720,47,607,160,113,0.7913950456323338,0.8430555555555556,1.0652777777777778,0.816408876933423
135,26,irregular,1,321,214,107,68,253,146,0.2118380062305296,0.3177570093457944,1.5,0.2542056074766355
135,26,regular,2,1049,985,64,953,96,32,0.9084842707340324,0.9675126903553299,1.0649746192893401,0.9370698131760078
135,26,semiregular,2,856,720,136,617,239,103,0.7207943925233645,0.8569444444444444,1.1888888888888889,0.7829949238578681
135,26,irregular,2,668,214,454,130,538,84,0.19461077844311378,0.6074766355140186,3.121495327102804,0.29478458049886624
135,26,regular,3,966,985,19,950,16,35,0.9834368530020704,0.9644670050761421,0.9807106598984772,0.97385955920041
135,26,semiregular,3,755,720,35,637,118,83,0.8437086092715231,0.8847222222222222,1.0486111111111112,0.863728813559322
135,26,irregular,3,279,214,65,170,109,44,0.6093189964157706,0.794392523364486,1.3037383177570094,0.689655172413793
135,27,regular,1,1168,1166,2,1111,57,55,0.9511986301369864,0.9528301886792453,1.0017152658662092,0.9520137103684663
135,27,semiregular,1,805,728,77,593,212,135,0.7366459627329193,0.8145604395604396,1.1057692307692308,0.7736464448793217
135,27,irregular,1,405,270,135,69,336,201,0.17037037037037037,0.25555555555555554,1.5,0.20444444444444443
135,27,regular,2,1122,1166,44,1111,11,55,0.9901960784313726,0.9528301886792453,0.9622641509433962,0.9711538461538463
135,27,semiregular,2,699,728,29,584,115,144,0.8354792560801144,0.8021978021978022,0.9601648351648352,0.8185003503854239
135,27,irregular,2,366,270,96,52,314,218,0.14207650273224043,0.1925925925925926,1.3555555555555556,0.16352201257861634
135,27,regular,3,1141,1166,25,1129,12,37,0.9894829097283085,0.9682675814751286,0.9785591766723842,0.9787602947550932
135,27,semiregular,3,704,728,24,635,69,93,0.9019886363636364,0.8722527472527473,0.967032967032967,0.8868715083798884
135,27,irregular,3,265,270,5,210,55,60,0.7924528301886793,0.7777777777777778,0.9814814814814815,0.7850467289719626
135,28,regular,1,1166,1098,68,1093,73,5,0.9373927958833619,0.9954462659380692,1.0619307832422586,0.965547703180212
135,28,semiregular,1,887,859,28,699,188,160,0.7880496054114995,0.8137369033760187,1.0325960419091968,0.8006872852233679
135,28,irregular,1,440,293,147,81,359,212,0.18409090909090908,0.2764505119453925,1.5017064846416381,0.22100954979536153
135,28,regular,2,1039,1098,59,1020,19,78,0.9817131857555341,0.9289617486338798,0.9462659380692168,0.9546092653252223
135,28,semiregular,2,914,859,55,770,144,89,0.8424507658643327,0.8963911525029103,1.0640279394644936,0.8685843203609701
135,28,irregular,2,693,293,400,113,580,180,0.16305916305916307,0.3856655290102389,2.36518771331058,0.22920892494929004
135,28,regular,3,999,1098,99,937,62,161,0.9379379379379379,0.8533697632058288,0.9098360655737705,0.893657606103958
135,28,semiregular,3,855,859,4,750,105,109,0.8771929824561403,0.8731082654249127,0.9953434225844005,0.8751458576429406
135,28,irregular,3,262,293,31,129,133,164,0.49236641221374045,0.4402730375426621,0.89419795221843,0.46486486486486484
135,29,regular,1,1197,1140,57,1138,59,2,0.9507101086048454,0.9982456140350877,1.05,0.973898160034232
135,29,semiregular,1,946,869,77,733,213,136,0.7748414376321353,0.8434982738780207,1.0886075949367089,0.8077134986225896
135,29,irregular,1,277,247,30,49,228,198,0.17689530685920576,0.19838056680161945,1.1214574898785425,0.18702290076335878
135,29,regular,2,1148,1140,8,1125,23,15,0.9799651567944251,0.9868421052631579,1.0070175438596491,0.9833916083916084
135,29,semiregular,2,989,869,120,791,198,78,0.7997977755308392,0.9102416570771001,1.1380897583429228,0.8514531754574811
135,29,irregular,2,278,247,31,42,236,205,0.1510791366906475,0.1700404858299595,1.125506072874494,0.16
135,29,regular,3,1111,1140,29,1099,12,41,0.9891989198919892,0.9640350877192982,0.974561403508772,0.9764549089293648
135,29,semiregular,3,914,869,45,730,184,139,0.7986870897155361,0.8400460299194477,1.051783659378596,0.8188446438586652
135,29,irregular,3,278,247,31,201,77,46,0.7230215827338129,0.8137651821862348,1.125506072874494,0.7657142857142857
135,30,regular,1,1071,997,74,993,78,4,0.927170868347339,0.995987963891675,1.0742226680040121,0.960348162475822
135,30,semiregular,1,854,810,44,693,161,117,0.8114754098360656,0.8555555555555555,1.054320987654321,0.8329326923076924
135,30,irregular,1,564,250,314,65,499,185,0.11524822695035461,0.26,2.256,0.1597051597051597
135,30,regular,2,943,997,54,934,9,63,0.9904559915164369,0.9368104312938816,0.9458375125376128,0.9628865979381442
135,30,semiregular,2,736,810,74,650,86,160,0.8831521739130435,0.8024691358024691,0.908641975308642,0.8408796895213454
135,30,irregular,2,500,250,250,67,433,183,0.134,0.268,2.0,0.1786666666666667
135,30,regular,3,968,997,29,965,3,32,0.996900826446281,0.9679037111334002,0.970912738214644,0.9821882951653944
135,30,semiregular,3,845,810,35,758,87,52,0.8970414201183432,0.9358024691358025,1.0432098765432098,0.916012084592145
135,30,irregular,3,256,250,6,179,77,71,0.69921875,0.716,1.024,0.7075098814229248
150,1,regular,1,941,937,4,907,34,30,0.9638682252922423,0.967982924226254,1.0042689434364995,0.9659211927582534
150,1,semiregular,1,783,703,80,622,161,81,0.7943805874840357,0.8847795163584637,1.1137980085348507,0.8371467025572006
150,1,irregular,1,177,199,22,87,90,112,0.4915254237288136,0.4371859296482412,0.8894472361809045,0.4627659574468085
150,1,regular,2,933,937,4,920,13,17,0.9860664523043944,0.9818569903948773,0.9957310565635006,0.9839572192513368
150,1,semiregular,2,712,703,9,596,116,107,0.8370786516853933,0.8477951635846372,1.0128022759601707,0.8424028268551236
150,1,irregular,2,188,199,11,115,73,84,0.6117021276595744,0.5778894472361809,0.9447236180904522,0.594315245478036
150,1,regular,3,943,937,6,933,10,4,0.9893955461293743,0.9957310565635006,1.0064034151547492,0.9925531914893617
150,1,semiregular,3,727,703,24,623,104,80,0.8569463548830811,0.8862019914651493,1.0341394025604551,0.8713286713286713
150,1,irregular,3,195,199,4,144,51,55,0.7384615384615385,0.7236180904522613,0.9798994974874372,0.7309644670050761
150,2,regular,1,1230,1224,6,1206,24,18,0.9804878048780488,0.9852941176470589,1.0049019607843137,0.9828850855745721
150,2,semiregular,1,623,647,24,567,56,80,0.9101123595505618,0.8763523956723338,0.9629057187017002,0.8929133858267716
150,2,irregular,1,227,217,10,88,139,129,0.3876651982378855,0.4055299539170507,1.0460829493087558,0.3963963963963964
150,2,regular,2,1219,1224,5,1210,9,14,0.992616899097621,0.988562091503268,0.9959150326797386,0.9905853458862055
150,2,semiregular,2,665,647,18,606,59,41,0.9112781954887218,0.9366306027820711,1.027820710973725,0.923780487804878
150,2,irregular,2,327,217,110,166,161,51,0.5076452599388379,0.7649769585253456,1.5069124423963134,0.6102941176470589
150,2,regular,3,1220,1224,4,1212,8,12,0.9934426229508196,0.9901960784313726,0.9967320261437909,0.9918166939443536
150,2,semiregular,3,647,647,0,590,57,57,0.9119010819165378,0.9119010819165378,1.0,0.9119010819165378
150,2,irregular,3,164,217,53,121,43,96,0.7378048780487805,0.5576036866359447,0.7557603686635944,0.6351706036745407
150,3,regular,1,1057,1053,4,1039,18,14,0.9829706717123936,0.9867046533713201,1.0037986704653372,0.9848341232227489
150,3,semiregular,1,695,716,21,598,97,118,0.860431654676259,0.835195530726257,0.9706703910614525,0.8476257973068745
150,3,irregular,1,234,224,10,98,136,126,0.4188034188034188,0.4375,1.0446428571428572,0.4279475982532751
150,3,regular,2,1029,1053,24,1020,9,33,0.9912536443148688,0.9686609686609686,0.9772079772079773,0.9798270893371758
150,3,semiregular,2,716,716,0,626,90,90,0.8743016759776536,0.8743016759776536,1.0,0.8743016759776536
150,3,irregular,2,233,224,9,116,117,108,0.4978540772532189,0.5178571428571429,1.0401785714285714,0.5076586433260395
150,3,regular,3,1055,1053,2,1047,8,6,0.9924170616113744,0.9943019943019943,1.0018993352326686,0.9933586337760911
150,3,semiregular,3,735,716,19,658,77,58,0.8952380952380953,0.9189944134078212,1.026536312849162,0.9069607167470709
150,3,irregular,3,226,224,2,165,61,59,0.7300884955752213,0.7366071428571429,1.0089285714285714,0.7333333333333333
150,4,regular,1,1078,1101,23,1065,13,36,0.9879406307977736,0.9673024523160763,0.9791099000908265,0.9775126204681046
150,4,semiregular,1,649,614,35,535,114,79,0.8243451463790447,0.8713355048859935,1.0570032573289903,0.8471892319873318
150,4,irregular,1,205,228,23,88,117,140,0.4292682926829268,0.38596491228070173,0.8991228070175439,0.40646651270207845
150,4,regular,2,1089,1101,12,1082,7,19,0.9935720844811754,0.9827429609445958,0.989100817438692,0.9881278538812784
150,4,semiregular,2,617,614,3,516,101,98,0.8363047001620746,0.8403908794788274,1.004885993485342,0.8383428107229894
150,4,irregular,2,272,228,44,143,129,85,0.5257352941176471,0.6271929824561403,1.1929824561403508,0.5720000000000001
150,4,regular,3,1110,1101,9,1099,11,2,0.9900900900900901,0.9981834695731153,1.008174386920981,0.9941203075531433
150,4,semiregular,3,643,614,29,561,82,53,0.8724727838258165,0.9136807817589576,1.0472312703583062,0.8926014319809068
150,4,irregular,3,235,228,7,168,67,60,0.7148936170212766,0.7368421052631579,1.030701754385965,0.7257019438444925
150,5,regular,1,1039,1044,5,1025,14,19,0.9865255052935515,0.9818007662835249,0.9952107279693486,0.984157465194431
150,5,semiregular,1,711,668,43,564,147,104,0.7932489451476793,0.844311377245509,1.06437125748503,0.8179840464104423
150,5,irregular,1,258,217,41,88,170,129,0.34108527131782945,0.4055299539170507,1.1889400921658986,0.37052631578947376
150,5,regular,2,1024,1044,20,1015,9,29,0.9912109375,0.9722222222222222,0.9808429118773946,0.9816247582205029
150,5,semiregular,2,691,668,23,580,111,88,0.8393632416787264,0.8682634730538922,1.034431137724551,0.853568800588668
150,5,irregular,2,218,217,1,58,160,159,0.26605504587155965,0.2672811059907834,1.0046082949308757,0.26666666666666666
150,5,regular,3,1051,1044,7,1041,10,3,0.9904852521408183,0.9971264367816092,1.0067049808429118,0.9937947494033413
150,5,semiregular,3,682,668,14,596,86,72,0.873900293255132,0.8922155688622755,1.0209580838323353,0.8829629629629631
150,5,irregular,3,221,217,4,159,62,58,0.7194570135746606,0.7327188940092166,1.0184331797235022,0.7260273972602739
150,6,regular,1,897,915,18,884,13,31,0.9855072463768116,0.966120218579235,0.980327868852459,0.9757174392935983
150,6,semiregular,1,690,701,11,589,101,112,0.8536231884057971,0.8402282453637661,0.9843081312410842,0.8468727534148095
150,6,irregular,1,237,195,42,66,171,129,0.27848101265822783,0.3384615384615385,1.2153846153846153,0.3055555555555555
150,6,regular,2,899,915,16,887,12,28,0.9866518353726362,0.9693989071038251,0.9825136612021858,0.9779492833517088
150,6,semiregular,2,725,701,24,639,86,62,0.8813793103448276,0.9115549215406562,1.0342368045649073,0.8962131837307152
150,6,irregular,2,198,195,3,100,98,95,0.5050505050505051,0.5128205128205128,1.0153846153846153,0.5089058524173027
150,6,regular,3,926,915,11,912,14,3,0.9848812095032398,0.9967213114754099,1.0120218579234972,0.9907658881042912
150,6,semiregular,3,729,701,28,659,70,42,0.9039780521262003,0.9400855920114123,1.0399429386590584,0.9216783216783218
150,6,irregular,3,196,195,1,143,53,52,0.7295918367346939,0.7333333333333333,1.005128205128205,0.731457800511509
150,7,regular,1,1231,1230,1,1219,12,11,0.9902518277822908,0.9910569105691057,1.0008130081300812,0.9906542056074767
150,7,semiregular,1,728,761,33,637,91,124,0.875,0.8370565045992115,0.9566360052562418,0.8556077904633982
150,7,irregular,1,227,225,2,64,163,161,0.28193832599118945,0.28444444444444444,1.008888888888889,0.2831858407079646
150,7,regular,2,1196,1230,34,1181,15,49,0.9874581939799331,0.9601626016260163,0.9723577235772358,0.9736191261335533
150,7,semiregular,2,784,761,23,649,135,112,0.8278061224489796,0.8528252299605782,1.0302233902759528,0.8401294498381877
150,7,irregular,2,278,225,53,58,220,167,0.20863309352517986,0.2577777777777778,1.2355555555555555,0.2306163021868787
150,7,regular,3,1234,1230,4,1224,10,6,0.9918962722852512,0.9951219512195122,1.0032520325203251,0.9935064935064934
150,7,semiregular,3,778,761,17,686,92,75,0.8817480719794345,0.9014454664914586,1.0223390275952693,0.8914879792072775
150,7,irregular,3,224,225,1,168,56,57,0.75,0.7466666666666667,0.9955555555555555,0.7483296213808465
150,8,regular,1,1041,1035,6,1017,24,18,0.9769452449567724,0.9826086956521739,1.0057971014492753,0.9797687861271677
150,8,semiregular,1,833,827,6,736,97,91,0.8835534213685474,0.8899637243047158,1.0072551390568318,0.8867469879518072
150,8,irregular,1,319,243,76,84,235,159,0.26332288401253917,0.345679012345679,1.3127572016460904,0.29893238434163694
150,8,regular,2,1010,1035,25,997,13,38,0.9871287128712871,0.9632850241545894,0.9758454106280193,0.9750611246943764
150,8,semiregular,2,858,827,31,746,112,81,0.8694638694638694,0.9020556227327691,1.037484885126965,0.8854599406528189
150,8,irregular,2,322,243,79,54,268,189,0.16770186335403728,0.2222222222222222,1.3251028806584362,0.19115044247787613
150,8,regular,3,1040,1035,5,1029,11,6,0.989423076923077,0.9942028985507246,1.0048309178743962,0.9918072289156626
150,8,semiregular,3,858,827,31,771,87,56,0.8986013986013986,0.932285368802902,1.037484885126965,0.9151335311572701
150,8,irregular,3,244,243,1,166,78,77,0.680327868852459,0.6831275720164609,1.0041152263374487,0.6817248459958932
150,9,regular,1,1134,1107,27,1106,28,1,0.9753086419753086,0.999096657633243,1.024390243902439,0.9870593485051316
150,9,semiregular,1,661,701,40,608,53,93,0.9198184568835098,0.8673323823109843,0.9429386590584878,0.8928046989720998
150,9,irregular,1,270,266,4,92,178,174,0.34074074074074073,0.3458646616541353,1.0150375939849625,0.34328358208955223
150,9,regular,2,1095,1107,12,1085,10,22,0.9908675799086758,0.980126467931346,0.989159891598916,0.9854677565849227
150,9,semiregular,2,694,701,7,632,62,69,0.9106628242074928,0.9015691868758916,0.9900142653352354,0.9060931899641578
150,9,irregular,2,274,266,8,58,216,208,0.2116788321167883,0.21804511278195488,1.0300751879699248,0.2148148148148148
150,9,regular,3,1111,1107,4,1104,7,3,0.9936993699369937,0.997289972899729,1.003613369467028,0.9954914337240758
150,9,semiregular,3,718,701,17,662,56,39,0.9220055710306406,0.9443651925820257,1.0242510699001426,0.9330514446793516
150,9,irregular,3,261,266,5,200,61,66,0.7662835249042146,0.7518796992481203,0.981203007518797,0.7590132827324477
150,10,regular,1,1012,1014,2,990,22,24,0.9782608695652174,0.9763313609467456,0.9980276134122288,0.9772951628825272
150,10,semiregular,1,645,656,11,573,72,83,0.8883720930232558,0.8734756097560976,0.9832317073170732,0.8808608762490393
150,10,irregular,1,227,247,20,92,135,155,0.4052863436123348,0.3724696356275304,0.9190283400809717,0.38818565400843885
150,10,regular,2,997,1014,17,985,12,29,0.9879638916750251,0.9714003944773175,0.9832347140039448,0.9796121332670313
150,10,semiregular,2,673,656,17,592,81,64,0.8796433878157504,0.9024390243902439,1.0259146341463414,0.8908954100827691
150,10,irregular,2,285,247,38,93,192,154,0.3263157894736842,0.3765182186234818,1.1538461538461537,0.34962406015037595
150,10,regular,3,1018,1014,4,1009,9,5,0.9911591355599214,0.995069033530572,1.0039447731755424,0.9931102362204725
150,10,semiregular,3,668,656,12,605,63,51,0.905688622754491,0.9222560975609756,1.0182926829268293,0.9138972809667674
150,10,irregular,3,246,247,1,196,50,51,0.7967479674796748,0.7935222672064778,0.9959514170040485,0.7951318458417851
150,11,regular,1,1059,1070,11,1047,12,23,0.9886685552407932,0.9785046728971962,0.9897196261682243,0.9835603569751057
150,11,semiregular,1,691,700,9,591,100,109,0.8552821997105644,0.8442857142857143,0.9871428571428571,0.8497483824586629
150,11,irregular,1,215,239,24,79,136,160,0.3674418604651163,0.3305439330543933,0.899581589958159,0.34801762114537443
150,11,regular,2,1026,1070,44,1019,7,51,0.99317738791423,0.9523364485981308,0.9588785046728971,0.9723282442748092
150,11,semiregular,2,718,700,18,613,105,87,0.8537604456824512,0.8757142857142857,1.0257142857142858,0.8645980253878702
150,11,irregular,2,226,239,13,59,167,180,0.2610619469026549,0.24686192468619247,0.9456066945606695,0.2537634408602151
150,11,regular,3,1077,1070,7,1067,10,3,0.9907149489322191,0.997196261682243,1.0065420560747664,0.9939450395901257
150,11,semiregular,3,709,700,9,630,79,70,0.8885754583921015,0.9,1.012857142857143,0.8942512420156139
150,11,irregular,3,231,239,8,177,54,62,0.7662337662337663,0.7405857740585774,0.9665271966527197,0.7531914893617021
150,12,regular,1,1005,1007,2,990,15,17,0.9850746268656716,0.9831181727904668,0.9980139026812314,0.9840954274353877
150,12,semiregular,1,644,641,3,532,112,109,0.8260869565217391,0.8299531981279251,1.0046801872074882,0.8280155642023347
150,12,irregular,1,189,204,15,56,133,148,0.2962962962962963,0.27450980392156865,0.9264705882352942,0.28498727735368956
150,12,regular,2,1006,1007,1,998,8,9,0.9920477137176938,0.9910625620655412,0.9990069513406157,0.9915548931942374
150,12,semiregular,2,628,641,13,522,106,119,0.8312101910828026,0.8143525741029641,0.9797191887675507,0.8226950354609929
150,12,irregular,2,211,204,7,44,167,160,0.20853080568720378,0.21568627450980393,1.0343137254901962,0.21204819277108436
150,12,regular,3,1004,1007,3,996,8,11,0.9920318725099602,0.9890764647467726,0.997020854021847,0.990551964196917
150,12,semiregular,3,672,641,31,568,104,73,0.8452380952380952,0.8861154446177847,1.0483619344773791,0.8651942117288652
150,12,irregular,3,215,204,11,153,62,51,0.7116279069767442,0.75,1.053921568627451,0.7303102625298329
150,13,regular,1,1001,1000,1,988,13,12,0.987012987012987,0.988,1.001,0.9875062468765617
150,13,semiregular,1,821,815,6,714,107,101,0.8696711327649208,0.8760736196319019,1.007361963190184,0.8728606356968215
150,13,irregular,1,300,216,84,78,222,138,0.26,0.3611111111111111,1.3888888888888888,0.3023255813953488
150,13,regular,2,978,1000,22,968,10,32,0.9897750511247444,0.968,0.978,0.9787664307381194
150,13,semiregular,2,804,815,11,712,92,103,0.8855721393034826,0.8736196319018404,0.9865030674846625,0.8795552810376774
150,13,irregular,2,320,216,104,43,277,173,0.134375,0.19907407407407407,1.4814814814814814,0.16044776119402984
150,13,regular,3,1002,1000,2,996,6,4,0.9940119760479041,0.996,1.002,0.995004995004995
150,13,semiregular,3,839,815,24,768,71,47,0.9153754469606674,0.9423312883435583,1.0294478527607362,0.9286577992744861
150,13,irregular,3,224,216,8,165,59,51,0.7366071428571429,0.7638888888888888,1.037037037037037,0.75
150,14,regular,1,1040,1052,12,1027,13,25,0.9875,0.9762357414448669,0.9885931558935361,0.9818355640535372
150,14,semiregular,1,858,913,55,771,87,142,0.8986013986013986,0.8444687842278203,0.9397590361445783,0.8706945228684358
150,14,irregular,1,200,217,17,51,149,166,0.255,0.2350230414746544,0.9216589861751152,0.24460431654676262
150,14,regular,2,1044,1052,8,1034,10,18,0.9904214559386973,0.9828897338403042,0.9923954372623575,0.9866412213740459
150,14,semiregular,2,954,913,41,858,96,55,0.89937106918239,0.9397590361445783,1.0449069003285871,0.9191215854311731
150,14,irregular,2,210,217,7,49,161,168,0.23333333333333334,0.22580645161290322,0.967741935483871,0.22950819672131148
150,14,regular,3,150,14,semiregular,3,150,14,irregular,3,150,15,regular,1,150,15,semiregular,1,150,15,irregular,1,150,15,regular,2,150,15,semiregular,2,150,15,irregular,2,150,15,regular,3,150,15,semiregular,3,150,15,irregular,3,150,16,regular,1,150,16,semiregular,1,150,16,irregular,1,150,16,regular,2,150,16,semiregular,2,150,16,irregular,2,150,16,regular,3,150,16,semiregular,3,150,16,irregular,3,150,17,regular,1,150,17,semiregular,1,150,17,irregular,1,150,17,regular,2,150,17,semiregular,2,150,17,irregular,2,150,17,regular,3,150,17,semiregular,3,150,17,irregular,3,150,18,regular,1,150,18,semiregular,1,150,18,irregular,1,150,18,regular,2,150,18,semiregular,2,150,18,irregular,2,150,18,regular,3,150,18,semiregular,3,150,18,irregular,3,150,19,regular,1,150,19,semiregular,1,150,19,irregular,1,150,19,regular,2,150,19,semiregular,2,150,19,irregular,2,150,19,regular,3,150,19,semiregular,3,150,19,irregular,3,150,20,regular,1,150,20,semiregular,1,150,20,irregular,1,150,20,regular,2,150,20,semiregular,2,150,20,irregular,2,150,20,regular,3,150,20,semiregular,3,150,20,irregular,3,150,21,regular,1,150,21,semiregular,1,150,21,irregular,1,150,21,regular,2,150,21,semiregular,2,150,21,irregular,2,150,21,regular,3,150,21,semiregular,3,150,21,irregular,3,150,22,regular,1,150,22,semiregular,1,150,22,irregular,1,150,22,regular,2,150,22,semiregular,2,150,22,irregular,2,150,22,regular,3,150,22,semiregular,3,150,22,irregular,3,150,23,regular,1,150,23,semiregular,1,150,23,irregular,1,150,23,regular,2,150,23,semiregular,2,150,23,irregular,2,150,23,regular,3,150,23,semiregular,3,150,23,irregular,3,150,24,regular,1,150,24,semiregular,1,150,24,irregular,1,150,24,regular,2,150,24,semiregular,2,150,24,irregular,2,150,24,regular,3,150,24,semiregular,3,150,24,irregular,3,150,25,regular,1,150,25,semiregular,1,150,25,irregular,1,150,25,regular,2,150,25,semiregular,2,150,25,irregular,2,150,25,regular,3,150,25,semiregular,3,150,25,irregular,3,150,26,regular,1,150,26,semiregular,1,150,26,irregular,1,150,26,regular,2,150,26,semiregular,2,150,26,irregular,2,150,26,regular,3,150,26,semiregular,3,150,26,irregular,3,150,27,regular,1,150,27,semiregular,1,150,27,irregular,1,150,27,regular,2,150,27,semiregular,2,150,27,irregular,2,150,27,regular,3,150,27,semiregular,3,150,27,irregular,3,150,28,regular,1,150,28,semiregular,1,150,28,irregular,1,150,28,regular,2,150,28,semiregular,2,150,28,irregular,2,150,28,regular,3,150,28,semiregular,3,150,28,irregular,3,150,29,regular,1,150,29,semiregular,1,150,29,irregular,1,150,29,regular,2,150,29,semiregular,2,150,29,irregular,2,150,29,regular,3,150,29,semiregular,3,150,29,irregular,3,150,30,regular,1,150,30,semiregular,1,150,30,irregular,1,150,30,regular,2,150,30,semiregular,2,150,30,irregular,2,150,30,regular,3,150,30,semiregular,3,150,30,irregular,3,